enc_number,t,x0,y0,z0,v0,dh0,theta0,x1,y1,z1,v1,dh1,theta1,advisory
1,0,-1701.1203702209655,3462.521783336118,8.554332987295368,63.859057741224774,0.0,153.87240301534894,227.55702838625712,-1185.8642029831794,30.70367773821146,66.39542446327572,0.0,340.97274991072106,0.0
1,1,-1672.9986508811644,3405.1881269293394,8.554332987295368,63.859057741224774,0.0,153.87240301534894,205.91093752022948,-1123.09638368158,30.70367773821146,66.39542446327572,0.0,340.97274991072106,0.0
1,2,-1644.876931541363,3347.854470522561,8.554332987295368,63.859057741224774,0.0,153.87240301534894,184.26484665420196,-1060.328564379981,30.70367773821146,66.39542446327572,0.0,340.97274991072106,0.0
1,3,-1616.7552122015618,3290.5208141157823,8.554332987295368,63.859057741224774,0.0,153.87240301534894,162.61875578817433,-997.5607450783814,30.70367773821146,66.39542446327572,0.0,340.97274991072106,0.0
1,4,-1588.6334928617607,3233.187157709004,8.554332987295368,63.859057741224774,0.0,153.87240301534894,140.9726649221467,-934.7929257767823,30.70367773821146,66.39542446327572,0.0,340.97274991072106,0.0
1,5,-1560.5117735219592,3175.853501302225,8.554332987295368,63.859057741224774,0.0,153.87240301534894,119.32657405611917,-872.0251064751833,30.70367773821146,66.39542446327572,0.0,340.97274991072106,0.0
1,6,-1532.390054182158,3118.519844895447,8.554332987295368,63.859057741224774,0.0,153.87240301534894,97.68048319009154,-809.2572871735836,30.70367773821146,66.39542446327572,0.0,340.97274991072106,0.0
1,7,-1504.2683348423568,3061.1861884886684,8.554332987295368,63.859057741224774,0.0,153.87240301534894,76.03439232406379,-746.4894678719841,30.70367773821146,66.39542446327572,0.0,340.97274991072106,0.0
1,8,-1476.1466155025555,3003.85253208189,8.554332987295368,63.859057741224774,0.0,153.87240301534894,54.38830145803604,-683.7216485703846,30.70367773821146,66.39542446327572,0.0,340.97274991072106,0.0
1,9,-1448.0248961627544,2946.5188756751113,8.554332987295368,63.859057741224774,0.0,153.87240301534894,32.74221059200852,-620.9538292687853,30.70367773821146,66.39542446327572,0.0,340.97274991072106,0.0
1,10,-1419.9031768229531,2889.1852192683327,8.554332987295368,63.859057741224774,0.0,153.87240301534894,11.096119725980884,-558.186009967186,30.70367773821146,66.39542446327572,0.0,340.97274991072106,0.0
1,11,-1391.7814574831518,2831.8515628615546,8.554332987295368,63.859057741224774,0.0,153.87240301534894,-10.54997114004675,-495.4181906655865,30.70367773821146,66.39542446327572,0.0,340.97274991072106,0.0
1,12,-1363.6597381433508,2774.5179064547765,8.554332987295368,63.859057741224774,0.0,153.87240301534894,-32.1960620060745,-432.650371363987,30.70367773821146,66.39542446327572,0.0,340.97274991072106,0.0
1,13,-1335.5380188035494,2717.184250047998,8.554332987295368,63.859057741224774,0.0,153.87240301534894,-53.84215287210202,-369.88255206238773,30.70367773821146,66.39542446327572,0.0,340.97274991072106,0.0
1,14,-1307.4162994637481,2659.8505936412193,8.554332987295368,63.859057741224774,0.0,153.87240301534894,-75.48824373812965,-307.1147327607887,30.70367773821146,66.39542446327572,0.0,340.97274991072106,0.0
1,15,-1279.294580123947,2602.516937234441,8.554332987295368,63.859057741224774,0.0,153.87240301534894,-97.13433460415735,-244.34691345918918,30.70367773821146,66.39542446327572,0.0,340.97274991072106,0.0
1,16,-1251.1728607841458,2545.183280827662,8.554332987295368,63.859057741224774,0.0,153.87240301534894,-118.78042547018498,-181.57909415758968,30.70367773821146,66.39542446327572,0.0,340.97274991072106,0.0
1,17,-1223.0511414443445,2487.8496244208836,8.554332987295368,63.859057741224774,0.0,153.87240301534894,-140.42651633621256,-118.8112748559904,30.70367773821146,66.39542446327572,0.0,340.97274991072106,0.0
1,18,-1194.9294221045432,2430.515968014105,8.554332987295368,63.859057741224774,0.0,153.87240301534894,-162.07260720224014,-56.04345555439113,30.70367773821146,66.39542446327572,0.0,340.97274991072106,0.0
1,19,-1166.8077027647419,2373.182311607327,8.554332987295368,63.859057741224774,0.0,153.87240301534894,-183.71869806826783,6.724363747208372,30.70367773821146,66.39542446327572,0.0,340.97274991072106,0.0
1,20,-1138.6859834249408,2315.848655200549,8.554332987295368,63.859057741224774,0.0,153.87240301534894,-205.36478893429546,69.49218304880765,30.70367773821146,66.39542446327572,0.0,340.97274991072106,0.0
1,21,-1110.5642640851395,2258.5149987937702,8.554332987295368,63.859057741224774,0.0,153.87240301534894,-227.0108798003231,132.26000235040692,30.70367773821146,66.39542446327572,0.0,340.97274991072106,0.0
1,22,-1082.4425447453382,2201.1813423869917,8.554332987295368,63.859057741224774,0.0,153.87240301534894,-248.65697066635067,195.0278216520062,30.70367773821146,66.39542446327572,0.0,340.97274991072106,0.0
1,23,-1054.320825405537,2143.847685980213,8.554332987295368,63.859057741224774,0.0,153.87240301534894,-270.3030615323783,257.7956409536057,30.70367773821146,66.39542446327572,0.0,340.97274991072106,0.0
1,24,-1026.1991060657358,2086.5140295734345,8.554332987295368,63.859057741224774,0.0,153.87240301534894,-291.94915239840594,320.5634602552051,30.70367773821146,66.39542446327572,0.0,340.97274991072106,0.0
1,25,-998.0773867259345,2029.1803731666562,8.554332987295368,63.859057741224774,0.0,153.87240301534894,-313.5952432644336,383.33127955680436,30.70367773821146,66.39542446327572,0.0,340.97274991072106,0.0
1,26,-969.9556673861333,1971.8467167598778,8.554332987295368,63.859057741224774,0.0,153.87240301534894,-335.2413341304612,446.09909885840375,30.70367773821146,66.39542446327572,0.0,340.97274991072106,0.0
1,27,-941.8339480463321,1914.5130603530993,8.554332987295368,63.859057741224774,0.0,153.87240301534894,-356.88742499648885,508.86691816000314,30.70367773821146,66.39542446327572,0.0,340.97274991072106,0.0
1,28,-913.7122287065308,1857.1794039463207,8.554332987295368,63.859057741224774,0.0,153.87240301534894,-378.5335158625165,571.6347374616024,30.70367773821146,66.39542446327572,0.0,340.97274991072106,0.0
1,29,-885.5905093667295,1799.8457475395423,8.554332987295368,63.859057741224774,0.0,153.87240301534894,-400.17960672854406,634.4025567632018,30.70367773821146,66.39542446327572,0.0,340.97274991072106,0.0
1,30,-857.4687900269283,1742.512091132764,8.554332987295368,63.859057741224774,0.0,153.87240301534894,-421.8256975945717,697.1703760648012,30.70367773821146,66.39542446327572,0.0,340.97274991072106,0.0
1,31,-829.3470706871271,1685.1784347259854,8.554332987295368,63.859057741224774,0.0,153.87240301534894,-443.4717884605993,759.9381953664006,30.70367773821146,66.39542446327572,0.0,340.97274991072106,0.0
1,32,-801.2253513473258,1627.8447783192069,8.554332987295368,63.859057741224774,0.0,153.87240301534894,-465.11787932662696,822.7060146679999,30.70367773821146,66.39542446327572,0.0,340.97274991072106,0.0
1,33,-773.1036320075247,1570.5111219124285,8.554332987295368,63.859057741224774,0.0,153.87240301534894,-486.7639701926546,885.4738339695992,30.70367773821146,66.39542446327572,0.0,340.97274991072106,0.0
1,34,-744.9819126677233,1513.1774655056502,8.554332987295368,63.859057741224774,0.0,153.87240301534894,-508.41006105868223,948.2416532711986,30.70367773821146,66.39542446327572,0.0,340.97274991072106,0.0
1,35,-716.8601933279222,1455.8438090988716,8.554332987295368,63.859057741224774,0.0,153.87240301534894,-530.0561519247099,1011.0094725727979,30.70367773821146,66.39542446327572,0.0,340.97274991072106,0.0
1,36,-688.7384739881209,1398.510152692093,8.554332987295368,63.859057741224774,0.0,153.87240301534894,-551.7022427907375,1073.7772918743972,30.70367773821146,66.39542446327572,0.0,340.97274991072106,0.0
1,37,-660.6167546483197,1341.1764962853147,8.554332987295368,63.859057741224774,0.0,153.87240301534894,-573.3483336567651,1136.5451111759967,30.70367773821146,66.39542446327572,0.0,340.97274991072106,0.0
1,38,-632.4950353085184,1283.8428398785363,8.554332987295368,63.859057741224774,0.0,153.87240301534894,-594.9944245227928,1199.312930477596,30.70367773821146,66.39542446327572,0.0,340.97274991072106,0.0
1,39,-604.3733159687172,1226.5091834717578,8.554332987295368,63.859057741224774,0.0,153.87240301534894,-616.6405153888204,1262.0807497791952,30.70367773821146,66.39542446327572,0.0,340.97274991072106,0.0
1,40,-576.251596628916,1169.1755270649792,8.554332987295368,63.859057741224774,0.0,153.87240301534894,-638.286606254848,1324.8485690807947,30.70367773821146,66.39542446327572,0.0,340.97274991072106,0.0
1,41,-548.1298772891147,1111.8418706582008,8.554332987295368,63.859057741224774,0.0,153.87240301534894,-659.9326971208757,1387.616388382394,30.70367773821146,66.39542446327572,0.0,340.97274991072106,0.0
1,42,-520.0081579493135,1054.5082142514225,8.554332987295368,63.859057741224774,0.0,153.87240301534894,-681.5787879869032,1450.3842076839933,30.70367773821146,66.39542446327572,0.0,340.97274991072106,0.0
1,43,-491.8864386095122,997.1745578446439,8.554332987295368,63.859057741224774,0.0,153.87240301534894,-703.2248788529308,1513.1520269855928,30.70367773821146,66.39542446327572,0.0,340.97274991072106,0.0
1,44,-463.764719269711,939.8409014378655,8.554332987295368,63.859057741224774,0.0,153.87240301534894,-724.8709697189585,1575.919846287192,30.70367773821146,66.39542446327572,0.0,340.97274991072106,0.0
1,45,-435.6429999299097,882.507245031087,8.554332987295368,63.859057741224774,0.0,153.87240301534894,-746.5170605849861,1638.6876655887916,30.70367773821146,66.39542446327572,0.0,340.97274991072106,0.0
1,46,-407.5212805901085,825.1735886243085,8.554332987295368,63.859057741224774,0.0,153.87240301534894,-768.1631514510137,1701.4554848903908,30.70367773821146,66.39542446327572,0.0,340.97274991072106,0.0
1,47,-379.3995612503073,767.8399322175301,8.554332987295368,63.859057741224774,0.0,153.87240301534894,-789.8092423170414,1764.2233041919903,30.70367773821146,66.39542446327572,0.0,340.97274991072106,0.0
1,48,-351.277841910506,710.5062758107516,8.554332987295368,63.859057741224774,0.0,153.87240301534894,-811.455333183069,1826.9911234935894,30.70367773821146,66.39542446327572,0.0,340.97274991072106,0.0
1,49,-323.1561225707048,653.1726194039732,8.554332987295368,63.859057741224774,0.0,153.87240301534894,-833.1014240490966,1889.758942795189,30.70367773821146,66.39542446327572,0.0,340.97274991072106,0.0
2,0,468.77466105531266,4745.456409176142,-202.30719757995797,64.20082092029988,0.0,270.8403183677207,-3389.19830290921,6650.781175019958,-210.20227341766812,60.11412685188793,0.0,504.0644753209028,0.0
2,1,404.5807448419323,4746.397965350715,-202.30719757995797,64.20082092029988,0.0,270.8403183677207,-3353.918855483532,6602.108093789121,-210.20227341766812,60.11412685188793,0.0,504.0644753209028,0.0
2,2,340.3868286285515,4747.339521525289,-202.30719757995797,64.20082092029988,0.0,270.8403183677207,-3318.639408057854,6553.435012558284,-210.20227341766812,60.11412685188793,0.0,504.0644753209028,0.0
2,3,276.19291241517067,4748.281077699862,-202.30719757995797,64.20082092029988,0.0,270.8403183677207,-3283.359960632176,6504.761931327446,-210.20227341766812,60.11412685188793,0.0,504.0644753209028,0.0
2,4,211.99899620178985,4749.222633874435,-202.30719757995797,64.20082092029988,0.0,270.8403183677207,-3248.080513206498,6456.088850096608,-210.20227341766812,60.11412685188793,0.0,504.0644753209028,0.0
2,5,147.8050799884095,4750.1641900490085,-202.30719757995797,64.20082092029988,0.0,270.8403183677207,-3212.80106578082,6407.4157688657715,-210.20227341766812,60.11412685188793,0.0,504.0644753209028,0.0
2,6,83.61116377502867,4751.105746223581,-202.30719757995797,64.20082092029988,0.0,270.8403183677207,-3177.521618355142,6358.742687634935,-210.20227341766812,60.11412685188793,0.0,504.0644753209028,0.0
2,7,19.417247561647855,4752.047302398155,-202.30719757995797,64.20082092029988,0.0,270.8403183677207,-3142.242170929464,6310.069606404097,-210.20227341766812,60.11412685188793,0.0,504.0644753209028,0.0
2,8,-44.776668651732734,4752.988858572728,-202.30719757995797,64.20082092029988,0.0,270.8403183677207,-3106.962723503786,6261.396525173259,-210.20227341766812,60.11412685188793,0.0,504.0644753209028,0.0
2,9,-108.97058486511332,4753.930414747301,-202.30719757995797,64.20082092029988,0.0,270.8403183677207,-3071.6832760781076,6212.723443942422,-210.20227341766812,60.11412685188793,0.0,504.0644753209028,0.0
2,10,-173.16450107849414,4754.871970921874,-202.30719757995797,64.20082092029988,0.0,270.8403183677207,-3036.40382865243,6164.050362711585,-210.20227341766812,60.11412685188793,0.0,504.0644753209028,0.0
2,11,-237.3584172918745,4755.813527096448,-202.30719757995797,64.20082092029988,0.0,270.8403183677207,-3001.1243812267517,6115.377281480747,-210.20227341766812,60.11412685188793,0.0,504.0644753209028,0.0
2,12,-301.5523335052553,4756.75508327102,-202.30719757995797,64.20082092029988,0.0,270.8403183677207,-2965.8449338010737,6066.70420024991,-210.20227341766812,60.11412685188793,0.0,504.0644753209028,0.0
2,13,-365.7462497186359,4757.696639445594,-202.30719757995797,64.20082092029988,0.0,270.8403183677207,-2930.5654863753957,6018.031119019072,-210.20227341766812,60.11412685188793,0.0,504.0644753209028,0.0
2,14,-429.9401659320167,4758.638195620167,-202.30719757995797,64.20082092029988,0.0,270.8403183677207,-2895.2860389497177,5969.358037788235,-210.20227341766812,60.11412685188793,0.0,504.0644753209028,0.0
2,15,-494.1340821453971,4759.57975179474,-202.30719757995797,64.20082092029988,0.0,270.8403183677207,-2860.00659152404,5920.6849565573975,-210.20227341766812,60.11412685188793,0.0,504.0644753209028,0.0
2,16,-558.3279983587779,4760.521307969314,-202.30719757995797,64.20082092029988,0.0,270.8403183677207,-2824.7271440983614,5872.011875326561,-210.20227341766812,60.11412685188793,0.0,504.0644753209028,0.0
2,17,-622.5219145721587,4761.462864143887,-202.30719757995797,64.20082092029988,0.0,270.8403183677207,-2789.4476966726834,5823.338794095724,-210.20227341766812,60.11412685188793,0.0,504.0644753209028,0.0
2,18,-686.7158307855393,4762.40442031846,-202.30719757995797,64.20082092029988,0.0,270.8403183677207,-2754.1682492470054,5774.665712864886,-210.20227341766812,60.11412685188793,0.0,504.0644753209028,0.0
2,19,-750.9097469989201,4763.345976493033,-202.30719757995797,64.20082092029988,0.0,270.8403183677207,-2718.8888018213274,5725.992631634048,-210.20227341766812,60.11412685188793,0.0,504.0644753209028,0.0
2,20,-815.1036632123005,4764.287532667607,-202.30719757995797,64.20082092029988,0.0,270.8403183677207,-2683.6093543956495,5677.319550403211,-210.20227341766812,60.11412685188793,0.0,504.0644753209028,0.0
2,21,-879.2975794256813,4765.229088842179,-202.30719757995797,64.20082092029988,0.0,270.8403183677207,-2648.3299069699715,5628.646469172374,-210.20227341766812,60.11412685188793,0.0,504.0644753209028,0.0
2,22,-943.4914956390619,4766.170645016753,-202.30719757995797,64.20082092029988,0.0,270.8403183677207,-2613.0504595442935,5579.973387941536,-210.20227341766812,60.11412685188793,0.0,504.0644753209028,0.0
2,23,-1007.6854118524427,4767.112201191326,-202.30719757995797,64.20082092029988,0.0,270.8403183677207,-2577.7710121186155,5531.300306710699,-210.20227341766812,60.11412685188793,0.0,504.0644753209028,0.0
2,24,-1071.8793280658233,4768.053757365899,-202.30719757995797,64.20082092029988,0.0,270.8403183677207,-2542.491564692937,5482.627225479861,-210.20227341766812,60.11412685188793,0.0,504.0644753209028,0.0
2,25,-1136.073244279204,4768.995313540472,-202.30719757995797,64.20082092029988,0.0,270.8403183677207,-2507.212117267259,5433.9541442490245,-210.20227341766812,60.11412685188793,0.0,504.0644753209028,0.0
2,26,-1200.2671604925845,4769.936869715046,-202.30719757995797,64.20082092029988,0.0,270.8403183677207,-2471.932669841581,5385.281063018187,-210.20227341766812,60.11412685188793,0.0,504.0644753209028,0.0
2,27,-1264.4610767059653,4770.878425889619,-202.30719757995797,64.20082092029988,0.0,270.8403183677207,-2436.653222415903,5336.60798178735,-210.20227341766812,60.11412685188793,0.0,504.0644753209028,0.0
2,28,-1328.6549929193461,4771.819982064192,-202.30719757995797,64.20082092029988,0.0,270.8403183677207,-2401.3737749902252,5287.934900556512,-210.20227341766812,60.11412685188793,0.0,504.0644753209028,0.0
2,29,-1392.8489091327267,4772.761538238766,-202.30719757995797,64.20082092029988,0.0,270.8403183677207,-2366.0943275645473,5239.261819325675,-210.20227341766812,60.11412685188793,0.0,504.0644753209028,0.0
2,30,-1457.0428253461073,4773.7030944133385,-202.30719757995797,64.20082092029988,0.0,270.8403183677207,-2330.8148801388693,5190.588738094837,-210.20227341766812,60.11412685188793,0.0,504.0644753209028,0.0
2,31,-1521.236741559488,4774.644650587912,-202.30719757995797,64.20082092029988,0.0,270.8403183677207,-2295.535432713191,5141.915656864,-210.20227341766812,60.11412685188793,0.0,504.0644753209028,0.0
2,32,-1585.4306577728685,4775.586206762485,-202.30719757995797,64.20082092029988,0.0,270.8403183677207,-2260.255985287513,5093.242575633162,-210.20227341766812,60.11412685188793,0.0,504.0644753209028,0.0
2,33,-1649.6245739862493,4776.5277629370585,-202.30719757995797,64.20082092029988,0.0,270.8403183677207,-2224.976537861835,5044.569494402325,-210.20227341766812,60.11412685188793,0.0,504.0644753209028,0.0
2,34,-1713.81849019963,4777.469319111631,-202.30719757995797,64.20082092029988,0.0,270.8403183677207,-2189.697090436157,4995.896413171487,-210.20227341766812,60.11412685188793,0.0,504.0644753209028,0.0
2,35,-1778.0124064130107,4778.410875286205,-202.30719757995797,64.20082092029988,0.0,270.8403183677207,-2154.417643010479,4947.2233319406505,-210.20227341766812,60.11412685188793,0.0,504.0644753209028,0.0
2,36,-1842.2063226263913,4779.352431460778,-202.30719757995797,64.20082092029988,0.0,270.8403183677207,-2119.138195584801,4898.550250709813,-210.20227341766812,60.11412685188793,0.0,504.0644753209028,0.0
2,37,-1906.4002388397719,4780.293987635351,-202.30719757995797,64.20082092029988,0.0,270.8403183677207,-2083.858748159123,4849.877169478976,-210.20227341766812,60.11412685188793,0.0,504.0644753209028,0.0
2,38,-1970.5941550531527,4781.235543809924,-202.30719757995797,64.20082092029988,0.0,270.8403183677207,-2048.579300733445,4801.204088248138,-210.20227341766812,60.11412685188793,0.0,504.0644753209028,0.0
2,39,-2034.7880712665333,4782.1770999844975,-202.30719757995797,64.20082092029988,0.0,270.8403183677207,-2013.2998533077669,4752.531007017301,-210.20227341766812,60.11412685188793,0.0,504.0644753209028,0.0
2,40,-2098.981987479914,4783.118656159071,-202.30719757995797,64.20082092029988,0.0,270.8403183677207,-1978.0204058820889,4703.857925786464,-210.20227341766812,60.11412685188793,0.0,504.0644753209028,0.0
2,41,-2163.1759036932945,4784.060212333644,-202.30719757995797,64.20082092029988,0.0,270.8403183677207,-1942.7409584564107,4655.184844555626,-210.20227341766812,60.11412685188793,0.0,504.0644753209028,0.0
2,42,-2227.3698199066753,4785.0017685082175,-202.30719757995797,64.20082092029988,0.0,270.8403183677207,-1907.4615110307327,4606.511763324789,-210.20227341766812,60.11412685188793,0.0,504.0644753209028,0.0
2,43,-2291.563736120056,4785.94332468279,-202.30719757995797,64.20082092029988,0.0,270.8403183677207,-1872.1820636050547,4557.838682093951,-210.20227341766812,60.11412685188793,0.0,504.0644753209028,0.0
2,44,-2355.7576523334365,4786.884880857364,-202.30719757995797,64.20082092029988,0.0,270.8403183677207,-1836.9026161793768,4509.165600863114,-210.20227341766812,60.11412685188793,0.0,504.0644753209028,0.0
2,45,-2419.9515685468173,4787.826437031937,-202.30719757995797,64.20082092029988,0.0,270.8403183677207,-1801.6231687536988,4460.4925196322765,-210.20227341766812,60.11412685188793,0.0,504.0644753209028,0.0
2,46,-2484.145484760198,4788.76799320651,-202.30719757995797,64.20082092029988,0.0,270.8403183677207,-1766.3437213280206,4411.81943840144,-210.20227341766812,60.11412685188793,0.0,504.0644753209028,0.0
2,47,-2548.3394009735784,4789.709549381083,-202.30719757995797,64.20082092029988,0.0,270.8403183677207,-1731.0642739023426,4363.146357170602,-210.20227341766812,60.11412685188793,0.0,504.0644753209028,0.0
2,48,-2612.5333171869593,4790.651105555657,-202.30719757995797,64.20082092029988,0.0,270.8403183677207,-1695.7848264766646,4314.473275939765,-210.20227341766812,60.11412685188793,0.0,504.0644753209028,0.0
2,49,-2676.72723340034,4791.592661730229,-202.30719757995797,64.20082092029988,0.0,270.8403183677207,-1660.5053790509864,4265.800194708927,-210.20227341766812,60.11412685188793,0.0,504.0644753209028,0.0
3,0,923.1220782580967,3094.1729445525825,-97.86432963904133,66.06362977211084,0.0,234.6372074970939,-3179.8441871634086,450.4670527208782,-94.05515036126619,60.74691638066726,0.0,420.0686884869694,0.0
3,1,869.2469367964179,3055.938505742124,-97.86432963904133,66.06362977211084,0.0,234.6372074970939,-3127.1994392653614,480.7774200645906,-94.05515036126619,60.74691638066726,0.0,420.0686884869694,0.0
3,2,815.3717953347398,3017.7040669316657,-97.86432963904133,66.06362977211084,0.0,234.6372074970939,-3074.5546913673143,511.08778740830326,-94.05515036126619,60.74691638066726,0.0,420.0686884869694,0.0
3,3,761.4966538730616,2979.4696281212077,-97.86432963904133,66.06362977211084,0.0,234.6372074970939,-3021.909943469266,541.3981547520166,-94.05515036126619,60.74691638066726,0.0,420.0686884869694,0.0
3,4,707.6215124113833,2941.23518931075,-97.86432963904133,66.06362977211084,0.0,234.6372074970939,-2969.265195571219,571.7085220957292,-94.05515036126619,60.74691638066726,0.0,420.0686884869694,0.0
3,5,653.7463709497047,2903.000750500291,-97.86432963904133,66.06362977211084,0.0,234.6372074970939,-2916.6204476731714,602.0188894394419,-94.05515036126619,60.74691638066726,0.0,420.0686884869694,0.0
3,6,599.8712294880265,2864.766311689833,-97.86432963904133,66.06362977211084,0.0,234.6372074970939,-2863.9756997751238,632.3292567831546,-94.05515036126619,60.74691638066726,0.0,420.0686884869694,0.0
3,7,545.9960880263482,2826.5318728793745,-97.86432963904133,66.06362977211084,0.0,234.6372074970939,-2811.3309518770766,662.6396241268674,-94.05515036126619,60.74691638066726,0.0,420.0686884869694,0.0
3,8,492.12094656467,2788.297434068916,-97.86432963904133,66.06362977211084,0.0,234.6372074970939,-2758.6862039790294,692.9499914705801,-94.05515036126619,60.74691638066726,0.0,420.0686884869694,0.0
3,9,438.24580510299165,2750.0629952584577,-97.86432963904133,66.06362977211084,0.0,234.6372074970939,-2706.041456080982,723.2603588142929,-94.05515036126619,60.74691638066726,0.0,420.0686884869694,0.0
3,10,384.3706636413135,2711.8285564479993,-97.86432963904133,66.06362977211084,0.0,234.6372074970939,-2653.396708182934,753.5707261580058,-94.05515036126619,60.74691638066726,0.0,420.0686884869694,0.0
3,11,330.4955221796349,2673.594117637541,-97.86432963904133,66.06362977211084,0.0,234.6372074970939,-2600.751960284887,783.8810935017185,-94.05515036126619,60.74691638066726,0.0,420.0686884869694,0.0
3,12,276.6203807179568,2635.3596788270825,-97.86432963904133,66.06362977211084,0.0,234.6372074970939,-2548.1072123868394,814.1914608454313,-94.05515036126619,60.74691638066726,0.0,420.0686884869694,0.0
3,13,222.7452392562784,2597.1252400166245,-97.86432963904133,66.06362977211084,0.0,234.6372074970939,-2495.4624644887917,844.501828189144,-94.05515036126619,60.74691638066726,0.0,420.0686884869694,0.0
3,14,168.87009779460004,2558.890801206166,-97.86432963904133,66.06362977211084,0.0,234.6372074970939,-2442.8177165907446,874.8121955328568,-94.05515036126619,60.74691638066726,0.0,420.0686884869694,0.0
3,15,114.99495633292167,2520.6563623957077,-97.86432963904133,66.06362977211084,0.0,234.6372074970939,-2390.172968692697,905.1225628765696,-94.05515036126619,60.74691638066726,0.0,420.0686884869694,0.0
3,16,61.119814871243534,2482.4219235852497,-97.86432963904133,66.06362977211084,0.0,234.6372074970939,-2337.5282207946493,935.4329302202824,-94.05515036126619,60.74691638066726,0.0,420.0686884869694,0.0
3,17,7.244673409565166,2444.1874847747913,-97.86432963904133,66.06362977211084,0.0,234.6372074970939,-2284.883472896602,965.7432975639952,-94.05515036126619,60.74691638066726,0.0,420.0686884869694,0.0
3,18,-46.6304680521132,2405.953045964333,-97.86432963904133,66.06362977211084,0.0,234.6372074970939,-2232.238724998555,996.0536649077079,-94.05515036126619,60.74691638066726,0.0,420.0686884869694,0.0
3,19,-100.50560951379134,2367.7186071538745,-97.86432963904133,66.06362977211084,0.0,234.6372074970939,-2179.5939771005073,1026.3640322514207,-94.05515036126619,60.74691638066726,0.0,420.0686884869694,0.0
3,20,-154.38075097546982,2329.484168343416,-97.86432963904133,66.06362977211084,0.0,234.6372074970939,-2126.9492292024597,1056.6743995951333,-94.05515036126619,60.74691638066726,0.0,420.0686884869694,0.0
3,21,-208.25589243714796,2291.2497295329576,-97.86432963904133,66.06362977211084,0.0,234.6372074970939,-2074.3044813044125,1086.9847669388464,-94.05515036126619,60.74691638066726,0.0,420.0686884869694,0.0
3,22,-262.13103389882644,2253.0152907224992,-97.86432963904133,66.06362977211084,0.0,234.6372074970939,-2021.659733406365,1117.295134282559,-94.05515036126619,60.74691638066726,0.0,420.0686884869694,0.0
3,23,-316.0061753605047,2214.7808519120413,-97.86432963904133,66.06362977211084,0.0,234.6372074970939,-1969.0149855083173,1147.6055016262717,-94.05515036126619,60.74691638066726,0.0,420.0686884869694,0.0
3,24,-369.88131682218295,2176.546413101583,-97.86432963904133,66.06362977211084,0.0,234.6372074970939,-1916.3702376102701,1177.9158689699846,-94.05515036126619,60.74691638066726,0.0,420.0686884869694,0.0
3,25,-423.7564582838613,2138.3119742911244,-97.86432963904133,66.06362977211084,0.0,234.6372074970939,-1863.7254897122225,1208.2262363136974,-94.05515036126619,60.74691638066726,0.0,420.0686884869694,0.0
3,26,-477.6315997455396,2100.077535480666,-97.86432963904133,66.06362977211084,0.0,234.6372074970939,-1811.080741814175,1238.53660365741,-94.05515036126619,60.74691638066726,0.0,420.0686884869694,0.0
3,27,-531.5067412072179,2061.843096670208,-97.86432963904133,66.06362977211084,0.0,234.6372074970939,-1758.4359939161277,1268.846971001123,-94.05515036126619,60.74691638066726,0.0,420.0686884869694,0.0
3,28,-585.3818826688962,2023.6086578597497,-97.86432963904133,66.06362977211084,0.0,234.6372074970939,-1705.79124601808,1299.1573383448358,-94.05515036126619,60.74691638066726,0.0,420.0686884869694,0.0
3,29,-639.2570241305745,1985.3742190492912,-97.86432963904133,66.06362977211084,0.0,234.6372074970939,-1653.146498120033,1329.4677056885484,-94.05515036126619,60.74691638066726,0.0,420.0686884869694,0.0
3,30,-693.1321655922527,1947.1397802388328,-97.86432963904133,66.06362977211084,0.0,234.6372074970939,-1600.5017502219853,1359.7780730322613,-94.05515036126619,60.74691638066726,0.0,420.0686884869694,0.0
3,31,-747.0073070539311,1908.9053414283746,-97.86432963904133,66.06362977211084,0.0,234.6372074970939,-1547.8570023239379,1390.088440375974,-94.05515036126619,60.74691638066726,0.0,420.0686884869694,0.0
3,32,-800.8824485156094,1870.6709026179162,-97.86432963904133,66.06362977211084,0.0,234.6372074970939,-1495.2122544258905,1420.3988077196868,-94.05515036126619,60.74691638066726,0.0,420.0686884869694,0.0
3,33,-854.7575899772878,1832.436463807458,-97.86432963904133,66.06362977211084,0.0,234.6372074970939,-1442.5675065278429,1450.7091750633995,-94.05515036126619,60.74691638066726,0.0,420.0686884869694,0.0
3,34,-908.632731438966,1794.2020249969996,-97.86432963904133,66.06362977211084,0.0,234.6372074970939,-1389.9227586297957,1481.0195424071123,-94.05515036126619,60.74691638066726,0.0,420.0686884869694,0.0
3,35,-962.5078729006443,1755.9675861865412,-97.86432963904133,66.06362977211084,0.0,234.6372074970939,-1337.278010731748,1511.3299097508252,-94.05515036126619,60.74691638066726,0.0,420.0686884869694,0.0
3,36,-1016.3830143623227,1717.733147376083,-97.86432963904133,66.06362977211084,0.0,234.6372074970939,-1284.6332628337007,1541.6402770945379,-94.05515036126619,60.74691638066726,0.0,420.0686884869694,0.0
3,37,-1070.258155824001,1679.4987085656246,-97.86432963904133,66.06362977211084,0.0,234.6372074970939,-1231.9885149356533,1571.9506444382507,-94.05515036126619,60.74691638066726,0.0,420.0686884869694,0.0
3,38,-1124.1332972856792,1641.2642697551664,-97.86432963904133,66.06362977211084,0.0,234.6372074970939,-1179.3437670376059,1602.2610117819634,-94.05515036126619,60.74691638066726,0.0,420.0686884869694,0.0
3,39,-1178.0084387473576,1603.029830944708,-97.86432963904133,66.06362977211084,0.0,234.6372074970939,-1126.6990191395582,1632.5713791256762,-94.05515036126619,60.74691638066726,0.0,420.0686884869694,0.0
3,40,-1231.883580209036,1564.7953921342496,-97.86432963904133,66.06362977211084,0.0,234.6372074970939,-1074.0542712415108,1662.881746469389,-94.05515036126619,60.74691638066726,0.0,420.0686884869694,0.0
3,41,-1285.758721670714,1526.5609533237914,-97.86432963904133,66.06362977211084,0.0,234.6372074970939,-1021.4095233434634,1693.1921138131017,-94.05515036126619,60.74691638066726,0.0,420.0686884869694,0.0
3,42,-1339.6338631323924,1488.326514513333,-97.86432963904133,66.06362977211084,0.0,234.6372074970939,-968.764775445416,1723.5024811568146,-94.05515036126619,60.74691638066726,0.0,420.0686884869694,0.0
3,43,-1393.5090045940708,1450.0920757028748,-97.86432963904133,66.06362977211084,0.0,234.6372074970939,-916.1200275473685,1753.8128485005273,-94.05515036126619,60.74691638066726,0.0,420.0686884869694,0.0
3,44,-1447.3841460557492,1411.8576368924164,-97.86432963904133,66.06362977211084,0.0,234.6372074970939,-863.475279649321,1784.1232158442401,-94.05515036126619,60.74691638066726,0.0,420.0686884869694,0.0
3,45,-1501.2592875174273,1373.623198081958,-97.86432963904133,66.06362977211084,0.0,234.6372074970939,-810.8305317512736,1814.433583187953,-94.05515036126619,60.74691638066726,0.0,420.0686884869694,0.0
3,46,-1555.1344289791057,1335.3887592714998,-97.86432963904133,66.06362977211084,0.0,234.6372074970939,-758.1857838532262,1844.7439505316656,-94.05515036126619,60.74691638066726,0.0,420.0686884869694,0.0
3,47,-1609.009570440784,1297.1543204610414,-97.86432963904133,66.06362977211084,0.0,234.6372074970939,-705.5410359551788,1875.0543178753785,-94.05515036126619,60.74691638066726,0.0,420.0686884869694,0.0
3,48,-1662.8847119024624,1258.9198816505832,-97.86432963904133,66.06362977211084,0.0,234.6372074970939,-652.8962880571313,1905.3646852190911,-94.05515036126619,60.74691638066726,0.0,420.0686884869694,0.0
3,49,-1716.7598533641408,1220.6854428401248,-97.86432963904133,66.06362977211084,0.0,234.6372074970939,-600.2515401590838,1935.675052562804,-94.05515036126619,60.74691638066726,0.0,420.0686884869694,0.0
4,0,-3484.032509538326,-6978.666880808847,-277.5088053287308,67.7759748784467,0.0,334.3854919078942,-3413.6557431582532,-2373.9351459579607,-294.3005989333356,65.39704224899,0.0,568.6404879412584,0.0
4,1,-3513.3330185465884,-6917.551719493666,-277.5088053287308,67.7759748784467,0.0,334.3854919078942,-3445.001340944294,-2431.330499727686,-294.3005989333356,65.39704224899,0.0,568.6404879412584,0.0
4,2,-3542.6335275548518,-6856.436558178486,-277.5088053287308,67.7759748784467,0.0,334.3854919078942,-3476.346938730335,-2488.7258534974117,-294.3005989333356,65.39704224899,0.0,568.6404879412584,0.0
4,3,-3571.934036563115,-6795.321396863305,-277.5088053287308,67.7759748784467,0.0,334.3854919078942,-3507.692536516376,-2546.121207267137,-294.3005989333356,65.39704224899,0.0,568.6404879412584,0.0
4,4,-3601.2345455713785,-6734.206235548125,-277.5088053287308,67.7759748784467,0.0,334.3854919078942,-3539.038134302417,-2603.516561036862,-294.3005989333356,65.39704224899,0.0,568.6404879412584,0.0
4,5,-3630.5350545796414,-6673.091074232944,-277.5088053287308,67.7759748784467,0.0,334.3854919078942,-3570.383732088458,-2660.9119148065874,-294.3005989333356,65.39704224899,0.0,568.6404879412584,0.0
4,6,-3659.8355635879047,-6611.975912917764,-277.5088053287308,67.7759748784467,0.0,334.3854919078942,-3601.729329874499,-2718.3072685763127,-294.3005989333356,65.39704224899,0.0,568.6404879412584,0.0
4,7,-3689.1360725961677,-6550.860751602584,-277.5088053287308,67.7759748784467,0.0,334.3854919078942,-3633.0749276605397,-2775.7026223460384,-294.3005989333356,65.39704224899,0.0,568.6404879412584,0.0
4,8,-3718.436581604431,-6489.7455902874035,-277.5088053287308,67.7759748784467,0.0,334.3854919078942,-3664.4205254465805,-2833.0979761157637,-294.3005989333356,65.39704224899,0.0,568.6404879412584,0.0
4,9,-3747.7370906126944,-6428.630428972223,-277.5088053287308,67.7759748784467,0.0,334.3854919078942,-3695.766123232622,-2890.493329885489,-294.3005989333356,65.39704224899,0.0,568.6404879412584,0.0
4,10,-3777.0375996209577,-6367.515267657042,-277.5088053287308,67.7759748784467,0.0,334.3854919078942,-3727.1117210186626,-2947.8886836552147,-294.3005989333356,65.39704224899,0.0,568.6404879412584,0.0
4,11,-3806.3381086292206,-6306.400106341862,-277.5088053287308,67.7759748784467,0.0,334.3854919078942,-3758.4573188047034,-3005.28403742494,-294.3005989333356,65.39704224899,0.0,568.6404879412584,0.0
4,12,-3835.6386176374835,-6245.284945026681,-277.5088053287308,67.7759748784467,0.0,334.3854919078942,-3789.8029165907446,-3062.679391194665,-294.3005989333356,65.39704224899,0.0,568.6404879412584,0.0
4,13,-3864.939126645747,-6184.169783711501,-277.5088053287308,67.7759748784467,0.0,334.3854919078942,-3821.148514376786,-3120.0747449643904,-294.3005989333356,65.39704224899,0.0,568.6404879412584,0.0
4,14,-3894.2396356540103,-6123.054622396321,-277.5088053287308,67.7759748784467,0.0,334.3854919078942,-3852.4941121628267,-3177.4700987341157,-294.3005989333356,65.39704224899,0.0,568.6404879412584,0.0
4,15,-3923.5401446622736,-6061.93946108114,-277.5088053287308,67.7759748784467,0.0,334.3854919078942,-3883.8397099488675,-3234.865452503841,-294.3005989333356,65.39704224899,0.0,568.6404879412584,0.0
4,16,-3952.8406536705365,-6000.82429976596,-277.5088053287308,67.7759748784467,0.0,334.3854919078942,-3915.1853077349083,-3292.2608062735662,-294.3005989333356,65.39704224899,0.0,568.6404879412584,0.0
4,17,-3982.1411626788,-5939.709138450779,-277.5088053287308,67.7759748784467,0.0,334.3854919078942,-3946.5309055209495,-3349.656160043292,-294.3005989333356,65.39704224899,0.0,568.6404879412584,0.0
4,18,-4011.441671687063,-5878.593977135599,-277.5088053287308,67.7759748784467,0.0,334.3854919078942,-3977.8765033069903,-3407.0515138130177,-294.3005989333356,65.39704224899,0.0,568.6404879412584,0.0
4,19,-4040.742180695326,-5817.478815820418,-277.5088053287308,67.7759748784467,0.0,334.3854919078942,-4009.2221010930316,-3464.4468675827425,-294.3005989333356,65.39704224899,0.0,568.6404879412584,0.0
4,20,-4070.042689703589,-5756.363654505238,-277.5088053287308,67.7759748784467,0.0,334.3854919078942,-4040.5676988790724,-3521.842221352468,-294.3005989333356,65.39704224899,0.0,568.6404879412584,0.0
4,21,-4099.343198711853,-5695.248493190058,-277.5088053287308,67.7759748784467,0.0,334.3854919078942,-4071.913296665113,-3579.2375751221934,-294.3005989333356,65.39704224899,0.0,568.6404879412584,0.0
4,22,-4128.643707720115,-5634.133331874877,-277.5088053287308,67.7759748784467,0.0,334.3854919078942,-4103.258894451154,-3636.6329288919187,-294.3005989333356,65.39704224899,0.0,568.6404879412584,0.0
4,23,-4157.944216728379,-5573.018170559697,-277.5088053287308,67.7759748784467,0.0,334.3854919078942,-4134.604492237196,-3694.028282661644,-294.3005989333356,65.39704224899,0.0,568.6404879412584,0.0
4,24,-4187.244725736642,-5511.903009244516,-277.5088053287308,67.7759748784467,0.0,334.3854919078942,-4165.950090023236,-3751.4236364313692,-294.3005989333356,65.39704224899,0.0,568.6404879412584,0.0
4,25,-4216.545234744905,-5450.787847929336,-277.5088053287308,67.7759748784467,0.0,334.3854919078942,-4197.295687809277,-3808.818990201095,-294.3005989333356,65.39704224899,0.0,568.6404879412584,0.0
4,26,-4245.845743753169,-5389.672686614155,-277.5088053287308,67.7759748784467,0.0,334.3854919078942,-4228.641285595319,-3866.21434397082,-294.3005989333356,65.39704224899,0.0,568.6404879412584,0.0
4,27,-4275.146252761431,-5328.557525298975,-277.5088053287308,67.7759748784467,0.0,334.3854919078942,-4259.986883381359,-3923.6096977405455,-294.3005989333356,65.39704224899,0.0,568.6404879412584,0.0
4,28,-4304.446761769695,-5267.442363983794,-277.5088053287308,67.7759748784467,0.0,334.3854919078942,-4291.3324811674,-3981.005051510271,-294.3005989333356,65.39704224899,0.0,568.6404879412584,0.0
4,29,-4333.747270777958,-5206.3272026686145,-277.5088053287308,67.7759748784467,0.0,334.3854919078942,-4322.678078953441,-4038.4004052799964,-294.3005989333356,65.39704224899,0.0,568.6404879412584,0.0
4,30,-4363.047779786221,-5145.212041353434,-277.5088053287308,67.7759748784467,0.0,334.3854919078942,-4354.023676739482,-4095.7957590497217,-294.3005989333356,65.39704224899,0.0,568.6404879412584,0.0
4,31,-4392.348288794485,-5084.096880038253,-277.5088053287308,67.7759748784467,0.0,334.3854919078942,-4385.369274525523,-4153.191112819447,-294.3005989333356,65.39704224899,0.0,568.6404879412584,0.0
4,32,-4421.648797802747,-5022.981718723073,-277.5088053287308,67.7759748784467,0.0,334.3854919078942,-4416.714872311564,-4210.586466589172,-294.3005989333356,65.39704224899,0.0,568.6404879412584,0.0
4,33,-4450.9493068110105,-4961.866557407892,-277.5088053287308,67.7759748784467,0.0,334.3854919078942,-4448.060470097605,-4267.9818203588975,-294.3005989333356,65.39704224899,0.0,568.6404879412584,0.0
4,34,-4480.249815819274,-4900.751396092712,-277.5088053287308,67.7759748784467,0.0,334.3854919078942,-4479.406067883646,-4325.377174128623,-294.3005989333356,65.39704224899,0.0,568.6404879412584,0.0
4,35,-4509.550324827537,-4839.636234777531,-277.5088053287308,67.7759748784467,0.0,334.3854919078942,-4510.751665669687,-4382.772527898349,-294.3005989333356,65.39704224899,0.0,568.6404879412584,0.0
4,36,-4538.850833835801,-4778.5210734623515,-277.5088053287308,67.7759748784467,0.0,334.3854919078942,-4542.097263455727,-4440.167881668074,-294.3005989333356,65.39704224899,0.0,568.6404879412584,0.0
4,37,-4568.151342844063,-4717.405912147171,-277.5088053287308,67.7759748784467,0.0,334.3854919078942,-4573.442861241769,-4497.563235437799,-294.3005989333356,65.39704224899,0.0,568.6404879412584,0.0
4,38,-4597.451851852326,-4656.29075083199,-277.5088053287308,67.7759748784467,0.0,334.3854919078942,-4604.78845902781,-4554.958589207525,-294.3005989333356,65.39704224899,0.0,568.6404879412584,0.0
4,39,-4626.75236086059,-4595.17558951681,-277.5088053287308,67.7759748784467,0.0,334.3854919078942,-4636.13405681385,-4612.35394297725,-294.3005989333356,65.39704224899,0.0,568.6404879412584,0.0
4,40,-4656.052869868853,-4534.060428201629,-277.5088053287308,67.7759748784467,0.0,334.3854919078942,-4667.479654599892,-4669.749296746975,-294.3005989333356,65.39704224899,0.0,568.6404879412584,0.0
4,41,-4685.3533788771165,-4472.945266886449,-277.5088053287308,67.7759748784467,0.0,334.3854919078942,-4698.825252385933,-4727.1446505167005,-294.3005989333356,65.39704224899,0.0,568.6404879412584,0.0
4,42,-4714.653887885379,-4411.830105571268,-277.5088053287308,67.7759748784467,0.0,334.3854919078942,-4730.170850171973,-4784.540004286426,-294.3005989333356,65.39704224899,0.0,568.6404879412584,0.0
4,43,-4743.954396893642,-4350.7149442560885,-277.5088053287308,67.7759748784467,0.0,334.3854919078942,-4761.516447958014,-4841.935358056152,-294.3005989333356,65.39704224899,0.0,568.6404879412584,0.0
4,44,-4773.254905901906,-4289.599782940908,-277.5088053287308,67.7759748784467,0.0,334.3854919078942,-4792.862045744056,-4899.330711825877,-294.3005989333356,65.39704224899,0.0,568.6404879412584,0.0
4,45,-4802.555414910169,-4228.484621625727,-277.5088053287308,67.7759748784467,0.0,334.3854919078942,-4824.207643530096,-4956.726065595602,-294.3005989333356,65.39704224899,0.0,568.6404879412584,0.0
4,46,-4831.855923918432,-4167.369460310547,-277.5088053287308,67.7759748784467,0.0,334.3854919078942,-4855.553241316137,-5014.121419365328,-294.3005989333356,65.39704224899,0.0,568.6404879412584,0.0
4,47,-4861.156432926695,-4106.254298995366,-277.5088053287308,67.7759748784467,0.0,334.3854919078942,-4886.8988391021785,-5071.516773135053,-294.3005989333356,65.39704224899,0.0,568.6404879412584,0.0
4,48,-4890.456941934958,-4045.1391376801857,-277.5088053287308,67.7759748784467,0.0,334.3854919078942,-4918.244436888219,-5128.912126904778,-294.3005989333356,65.39704224899,0.0,568.6404879412584,0.0
4,49,-4919.757450943222,-3984.0239763650056,-277.5088053287308,67.7759748784467,0.0,334.3854919078942,-4949.59003467426,-5186.3074806745035,-294.3005989333356,65.39704224899,0.0,568.6404879412584,0.0
5,0,1776.284623925499,-4364.138060801498,-170.31863991956084,63.87652330729556,0.0,281.571356710014,-1746.2222034527815,-1683.1407225232329,-192.76351905457852,63.247860727106705,0.0,513.6179199244305,0.0
5,1,1713.7063494343406,-4351.325184795827,-170.31863991956084,63.87652330729556,0.0,281.571356710014,-1718.1176994692735,-1739.8013679695782,-192.76351905457852,63.247860727106705,0.0,513.6179199244305,0.0
5,2,1651.1280749431817,-4338.512308790157,-170.31863991956084,63.87652330729556,0.0,281.571356710014,-1690.0131954857654,-1796.4620134159236,-192.76351905457852,63.247860727106705,0.0,513.6179199244305,0.0
5,3,1588.5498004520232,-4325.699432784486,-170.31863991956084,63.87652330729556,0.0,281.571356710014,-1661.9086915022576,-1853.1226588622692,-192.76351905457852,63.247860727106705,0.0,513.6179199244305,0.0
5,4,1525.9715259608647,-4312.886556778815,-170.31863991956084,63.87652330729556,0.0,281.571356710014,-1633.8041875187494,-1909.7833043086146,-192.76351905457852,63.247860727106705,0.0,513.6179199244305,0.0
5,5,1463.3932514697067,-4300.073680773145,-170.31863991956084,63.87652330729556,0.0,281.571356710014,-1605.6996835352413,-1966.44394975496,-192.76351905457852,63.247860727106705,0.0,513.6179199244305,0.0
5,6,1400.8149769785477,-4287.260804767474,-170.31863991956084,63.87652330729556,0.0,281.571356710014,-1577.5951795517333,-2023.1045952013055,-192.76351905457852,63.247860727106705,0.0,513.6179199244305,0.0
5,7,1338.2367024873893,-4274.447928761803,-170.31863991956084,63.87652330729556,0.0,281.571356710014,-1549.490675568225,-2079.765240647651,-192.76351905457852,63.247860727106705,0.0,513.6179199244305,0.0
5,8,1275.6584279962308,-4261.635052756133,-170.31863991956084,63.87652330729556,0.0,281.571356710014,-1521.386171584717,-2136.4258860939963,-192.76351905457852,63.247860727106705,0.0,513.6179199244305,0.0
5,9,1213.0801535050723,-4248.822176750462,-170.31863991956084,63.87652330729556,0.0,281.571356710014,-1493.281667601209,-2193.086531540342,-192.76351905457852,63.247860727106705,0.0,513.6179199244305,0.0
5,10,1150.5018790139138,-4236.009300744791,-170.31863991956084,63.87652330729556,0.0,281.571356710014,-1465.177163617701,-2249.747176986687,-192.76351905457852,63.247860727106705,0.0,513.6179199244305,0.0
5,11,1087.9236045227553,-4223.196424739121,-170.31863991956084,63.87652330729556,0.0,281.571356710014,-1437.0726596341929,-2306.4078224330324,-192.76351905457852,63.247860727106705,0.0,513.6179199244305,0.0
5,12,1025.3453300315966,-4210.38354873345,-170.31863991956084,63.87652330729556,0.0,281.571356710014,-1408.9681556506848,-2363.068467879378,-192.76351905457852,63.247860727106705,0.0,513.6179199244305,0.0
5,13,962.7670555404384,-4197.570672727779,-170.31863991956084,63.87652330729556,0.0,281.571356710014,-1380.8636516671768,-2419.7291133257236,-192.76351905457852,63.247860727106705,0.0,513.6179199244305,0.0
5,14,900.1887810492797,-4184.757796722108,-170.31863991956084,63.87652330729556,0.0,281.571356710014,-1352.7591476836687,-2476.389758772069,-192.76351905457852,63.247860727106705,0.0,513.6179199244305,0.0
5,15,837.6105065581214,-4171.944920716437,-170.31863991956084,63.87652330729556,0.0,281.571356710014,-1324.6546437001607,-2533.0504042184148,-192.76351905457852,63.247860727106705,0.0,513.6179199244305,0.0
5,16,775.0322320669627,-4159.132044710766,-170.31863991956084,63.87652330729556,0.0,281.571356710014,-1296.5501397166527,-2589.71104966476,-192.76351905457852,63.247860727106705,0.0,513.6179199244305,0.0
5,17,712.4539575758042,-4146.319168705096,-170.31863991956084,63.87652330729556,0.0,281.571356710014,-1268.4456357331446,-2646.3716951111055,-192.76351905457852,63.247860727106705,0.0,513.6179199244305,0.0
5,18,649.8756830846457,-4133.506292699425,-170.31863991956084,63.87652330729556,0.0,281.571356710014,-1240.3411317496366,-2703.032340557451,-192.76351905457852,63.247860727106705,0.0,513.6179199244305,0.0
5,19,587.297408593487,-4120.693416693754,-170.31863991956084,63.87652330729556,0.0,281.571356710014,-1212.2366277661285,-2759.6929860037962,-192.76351905457852,63.247860727106705,0.0,513.6179199244305,0.0
5,20,524.7191341023288,-4107.880540688084,-170.31863991956084,63.87652330729556,0.0,281.571356710014,-1184.1321237826205,-2816.3536314501416,-192.76351905457852,63.247860727106705,0.0,513.6179199244305,0.0
5,21,462.1408596111701,-4095.067664682413,-170.31863991956084,63.87652330729556,0.0,281.571356710014,-1156.0276197991125,-2873.014276896487,-192.76351905457852,63.247860727106705,0.0,513.6179199244305,0.0
5,22,399.5625851200118,-4082.2547886767425,-170.31863991956084,63.87652330729556,0.0,281.571356710014,-1127.9231158156042,-2929.6749223428324,-192.76351905457852,63.247860727106705,0.0,513.6179199244305,0.0
5,23,336.9843106288531,-4069.441912671072,-170.31863991956084,63.87652330729556,0.0,281.571356710014,-1099.8186118320962,-2986.335567789178,-192.76351905457852,63.247860727106705,0.0,513.6179199244305,0.0
5,24,274.4060361376946,-4056.629036665401,-170.31863991956084,63.87652330729556,0.0,281.571356710014,-1071.7141078485881,-3042.9962132355236,-192.76351905457852,63.247860727106705,0.0,513.6179199244305,0.0
5,25,211.82776164653615,-4043.8161606597305,-170.31863991956084,63.87652330729556,0.0,281.571356710014,-1043.60960386508,-3099.656858681869,-192.76351905457852,63.247860727106705,0.0,513.6179199244305,0.0
5,26,149.24948715537766,-4031.00328465406,-170.31863991956084,63.87652330729556,0.0,281.571356710014,-1015.505099881572,-3156.3175041282143,-192.76351905457852,63.247860727106705,0.0,513.6179199244305,0.0
5,27,86.67121266421918,-4018.1904086483887,-170.31863991956084,63.87652330729556,0.0,281.571356710014,-987.400595898064,-3212.9781495745597,-192.76351905457852,63.247860727106705,0.0,513.6179199244305,0.0
5,28,24.09293817306059,-4005.377532642718,-170.31863991956084,63.87652330729556,0.0,281.571356710014,-959.2960919145559,-3269.638795020905,-192.76351905457852,63.247860727106705,0.0,513.6179199244305,0.0
5,29,-38.48533631809801,-3992.5646566370474,-170.31863991956084,63.87652330729556,0.0,281.571356710014,-931.1915879310478,-3326.299440467251,-192.76351905457852,63.247860727106705,0.0,513.6179199244305,0.0
5,30,-101.06361080925649,-3979.7517806313767,-170.31863991956084,63.87652330729556,0.0,281.571356710014,-903.0870839475398,-3382.9600859135962,-192.76351905457852,63.247860727106705,0.0,513.6179199244305,0.0
5,31,-163.64188530041497,-3966.938904625706,-170.31863991956084,63.87652330729556,0.0,281.571356710014,-874.9825799640317,-3439.6207313599416,-192.76351905457852,63.247860727106705,0.0,513.6179199244305,0.0
5,32,-226.22015979157345,-3954.1260286200354,-170.31863991956084,63.87652330729556,0.0,281.571356710014,-846.8780759805236,-3496.281376806287,-192.76351905457852,63.247860727106705,0.0,513.6179199244305,0.0
5,33,-288.79843428273193,-3941.3131526143648,-170.31863991956084,63.87652330729556,0.0,281.571356710014,-818.7735719970156,-3552.9420222526323,-192.76351905457852,63.247860727106705,0.0,513.6179199244305,0.0
5,34,-351.3767087738905,-3928.500276608694,-170.31863991956084,63.87652330729556,0.0,281.571356710014,-790.6690680135075,-3609.6026676989777,-192.76351905457852,63.247860727106705,0.0,513.6179199244305,0.0
5,35,-413.954983265049,-3915.687400603023,-170.31863991956084,63.87652330729556,0.0,281.571356710014,-762.5645640299995,-3666.263313145323,-192.76351905457852,63.247860727106705,0.0,513.6179199244305,0.0
5,36,-476.5332577562075,-3902.8745245973523,-170.31863991956084,63.87652330729556,0.0,281.571356710014,-734.4600600464914,-3722.923958591669,-192.76351905457852,63.247860727106705,0.0,513.6179199244305,0.0
5,37,-539.1115322473661,-3890.0616485916817,-170.31863991956084,63.87652330729556,0.0,281.571356710014,-706.3555560629833,-3779.5846040380143,-192.76351905457852,63.247860727106705,0.0,513.6179199244305,0.0
5,38,-601.6898067385246,-3877.248772586011,-170.31863991956084,63.87652330729556,0.0,281.571356710014,-678.2510520794752,-3836.2452494843596,-192.76351905457852,63.247860727106705,0.0,513.6179199244305,0.0
5,39,-664.268081229683,-3864.4358965803403,-170.31863991956084,63.87652330729556,0.0,281.571356710014,-650.1465480959672,-3892.905894930705,-192.76351905457852,63.247860727106705,0.0,513.6179199244305,0.0
5,40,-726.8463557208415,-3851.6230205746697,-170.31863991956084,63.87652330729556,0.0,281.571356710014,-622.0420441124592,-3949.5665403770504,-192.76351905457852,63.247860727106705,0.0,513.6179199244305,0.0
5,41,-789.424630212,-3838.810144568999,-170.31863991956084,63.87652330729556,0.0,281.571356710014,-593.9375401289511,-4006.2271858233958,-192.76351905457852,63.247860727106705,0.0,513.6179199244305,0.0
5,42,-852.0029047031586,-3825.9972685633284,-170.31863991956084,63.87652330729556,0.0,281.571356710014,-565.8330361454431,-4062.887831269741,-192.76351905457852,63.247860727106705,0.0,513.6179199244305,0.0
5,43,-914.5811791943171,-3813.1843925576577,-170.31863991956084,63.87652330729556,0.0,281.571356710014,-537.7285321619349,-4119.548476716087,-192.76351905457852,63.247860727106705,0.0,513.6179199244305,0.0
5,44,-977.1594536854756,-3800.3715165519866,-170.31863991956084,63.87652330729556,0.0,281.571356710014,-509.6240281784269,-4176.209122162432,-192.76351905457852,63.247860727106705,0.0,513.6179199244305,0.0
5,45,-1039.7377281766342,-3787.558640546316,-170.31863991956084,63.87652330729556,0.0,281.571356710014,-481.51952419491886,-4232.869767608778,-192.76351905457852,63.247860727106705,0.0,513.6179199244305,0.0
5,46,-1102.3160026677926,-3774.7457645406453,-170.31863991956084,63.87652330729556,0.0,281.571356710014,-453.4150202114108,-4289.530413055123,-192.76351905457852,63.247860727106705,0.0,513.6179199244305,0.0
5,47,-1164.8942771589511,-3761.9328885349746,-170.31863991956084,63.87652330729556,0.0,281.571356710014,-425.3105162279028,-4346.191058501468,-192.76351905457852,63.247860727106705,0.0,513.6179199244305,0.0
5,48,-1227.4725516501096,-3749.120012529304,-170.31863991956084,63.87652330729556,0.0,281.571356710014,-397.2060122443947,-4402.851703947814,-192.76351905457852,63.247860727106705,0.0,513.6179199244305,0.0
5,49,-1290.050826141268,-3736.3071365236333,-170.31863991956084,63.87652330729556,0.0,281.571356710014,-369.10150826088665,-4459.512349394159,-192.76351905457852,63.247860727106705,0.0,513.6179199244305,0.0
6,0,2778.1719293921033,2425.7518377471597,445.4589405132748,62.98146123678579,0.0,152.5831845068043,6158.372125655145,-454.67550675115774,442.75894873941854,62.25314942829679,0.0,287.28830677221845,0.0
6,1,2807.1723935714276,2369.844436297044,445.4589405132748,62.98146123678579,0.0,152.5831845068043,6098.931482039076,-436.1751148566791,442.75894873941854,62.25314942829679,0.0,287.28830677221845,0.0
6,2,2836.172857750753,2313.937034846928,445.4589405132748,62.98146123678579,0.0,152.5831845068043,6039.4908384230075,-417.67472296220035,442.75894873941854,62.25314942829679,0.0,287.28830677221845,0.0
6,3,2865.1733219300777,2258.0296333968117,445.4589405132748,62.98146123678579,0.0,152.5831845068043,5980.050194806938,-399.1743310677216,442.75894873941854,62.25314942829679,0.0,287.28830677221845,0.0
6,4,2894.1737861094025,2202.1222319466956,445.4589405132748,62.98146123678579,0.0,152.5831845068043,5920.609551190869,-380.67393917324296,442.75894873941854,62.25314942829679,0.0,287.28830677221845,0.0
6,5,2923.1742502887273,2146.2148304965795,445.4589405132748,62.98146123678579,0.0,152.5831845068043,5861.168907574799,-362.173547278764,442.75894873941854,62.25314942829679,0.0,287.28830677221845,0.0
6,6,2952.174714468052,2090.3074290464638,445.4589405132748,62.98146123678579,0.0,152.5831845068043,5801.72826395873,-343.6731553842851,442.75894873941854,62.25314942829679,0.0,287.28830677221845,0.0
6,7,2981.175178647377,2034.4000275963474,445.4589405132748,62.98146123678579,0.0,152.5831845068043,5742.287620342661,-325.17276348980647,442.75894873941854,62.25314942829679,0.0,287.28830677221845,0.0
6,8,3010.175642826702,1978.492626146231,445.4589405132748,62.98146123678579,0.0,152.5831845068043,5682.8469767265915,-306.6723715953277,442.75894873941854,62.25314942829679,0.0,287.28830677221845,0.0
6,9,3039.176107006027,1922.5852246961151,445.4589405132748,62.98146123678579,0.0,152.5831845068043,5623.406333110523,-288.17197970084885,442.75894873941854,62.25314942829679,0.0,287.28830677221845,0.0
6,10,3068.176571185352,1866.677823245999,445.4589405132748,62.98146123678579,0.0,152.5831845068043,5563.965689494453,-269.67158780637,442.75894873941854,62.25314942829679,0.0,287.28830677221845,0.0
6,11,3097.1770353646766,1810.7704217958828,445.4589405132748,62.98146123678579,0.0,152.5831845068043,5504.525045878384,-251.17119591189123,442.75894873941854,62.25314942829679,0.0,287.28830677221845,0.0
6,12,3126.1774995440014,1754.8630203457667,445.4589405132748,62.98146123678579,0.0,152.5831845068043,5445.084402262315,-232.67080401741254,442.75894873941854,62.25314942829679,0.0,287.28830677221845,0.0
6,13,3155.1779637233262,1698.9556188956506,445.4589405132748,62.98146123678579,0.0,152.5831845068043,5385.643758646245,-214.17041212293378,442.75894873941854,62.25314942829679,0.0,287.28830677221845,0.0
6,14,3184.1784279026515,1643.0482174455344,445.4589405132748,62.98146123678579,0.0,152.5831845068043,5326.203115030176,-195.6700202284551,442.75894873941854,62.25314942829679,0.0,287.28830677221845,0.0
6,15,3213.1788920819763,1587.1408159954185,445.4589405132748,62.98146123678579,0.0,152.5831845068043,5266.762471414107,-177.1696283339761,442.75894873941854,62.25314942829679,0.0,287.28830677221845,0.0
6,16,3242.179356261301,1531.2334145453024,445.4589405132748,62.98146123678579,0.0,152.5831845068043,5207.321827798038,-158.66923643949747,442.75894873941854,62.25314942829679,0.0,287.28830677221845,0.0
6,17,3271.179820440626,1475.326013095186,445.4589405132748,62.98146123678579,0.0,152.5831845068043,5147.881184181968,-140.16884454501866,442.75894873941854,62.25314942829679,0.0,287.28830677221845,0.0
6,18,3300.1802846199507,1419.41861164507,445.4589405132748,62.98146123678579,0.0,152.5831845068043,5088.440540565899,-121.6684526505399,442.75894873941854,62.25314942829679,0.0,287.28830677221845,0.0
6,19,3329.1807487992755,1363.511210194954,445.4589405132748,62.98146123678579,0.0,152.5831845068043,5028.99989694983,-103.16806075606121,442.75894873941854,62.25314942829679,0.0,287.28830677221845,0.0
6,20,3358.1812129786003,1307.6038087448378,445.4589405132748,62.98146123678579,0.0,152.5831845068043,4969.55925333376,-84.66766886158234,442.75894873941854,62.25314942829679,0.0,287.28830677221845,0.0
6,21,3387.1816771579256,1251.6964072947217,445.4589405132748,62.98146123678579,0.0,152.5831845068043,4910.1186097176915,-66.16727696710359,442.75894873941854,62.25314942829679,0.0,287.28830677221845,0.0
6,22,3416.1821413372504,1195.7890058446055,445.4589405132748,62.98146123678579,0.0,152.5831845068043,4850.677966101623,-47.66688507262478,442.75894873941854,62.25314942829679,0.0,287.28830677221845,0.0
6,23,3445.182605516575,1139.8816043944894,445.4589405132748,62.98146123678579,0.0,152.5831845068043,4791.237322485553,-29.166493178146027,442.75894873941854,62.25314942829679,0.0,287.28830677221845,0.0
6,24,3474.1830696959,1083.9742029443732,445.4589405132748,62.98146123678579,0.0,152.5831845068043,4731.796678869484,-10.666101283667274,442.75894873941854,62.25314942829679,0.0,287.28830677221845,0.0
6,25,3503.1835338752253,1028.066801494257,445.4589405132748,62.98146123678579,0.0,152.5831845068043,4672.356035253414,7.834290610811593,442.75894873941854,62.25314942829679,0.0,287.28830677221845,0.0
6,26,3532.18399805455,972.1594000441411,445.4589405132748,62.98146123678579,0.0,152.5831845068043,4612.915391637345,26.33468250529026,442.75894873941854,62.25314942829679,0.0,287.28830677221845,0.0
6,27,3561.184462233875,916.251998594025,445.4589405132748,62.98146123678579,0.0,152.5831845068043,4553.474748021275,44.83507439976913,442.75894873941854,62.25314942829679,0.0,287.28830677221845,0.0
6,28,3590.1849264131997,860.3445971439088,445.4589405132748,62.98146123678579,0.0,152.5831845068043,4494.034104405207,63.33546629424791,442.75894873941854,62.25314942829679,0.0,287.28830677221845,0.0
6,29,3619.1853905925245,804.4371956937928,445.4589405132748,62.98146123678579,0.0,152.5831845068043,4434.593460789138,81.8358581887266,442.75894873941854,62.25314942829679,0.0,287.28830677221845,0.0
6,30,3648.1858547718493,748.5297942436766,445.4589405132748,62.98146123678579,0.0,152.5831845068043,4375.152817173068,100.33625008320539,442.75894873941854,62.25314942829679,0.0,287.28830677221845,0.0
6,31,3677.1863189511746,692.6223927935605,445.4589405132748,62.98146123678579,0.0,152.5831845068043,4315.712173556999,118.83664197768421,442.75894873941854,62.25314942829679,0.0,287.28830677221845,0.0
6,32,3706.1867831304994,636.7149913434444,445.4589405132748,62.98146123678579,0.0,152.5831845068043,4256.27152994093,137.33703387216303,442.75894873941854,62.25314942829679,0.0,287.28830677221845,0.0
6,33,3735.187247309824,580.8075898933283,445.4589405132748,62.98146123678579,0.0,152.5831845068043,4196.83088632486,155.83742576664184,442.75894873941854,62.25314942829679,0.0,287.28830677221845,0.0
6,34,3764.187711489149,524.9001884432122,445.4589405132748,62.98146123678579,0.0,152.5831845068043,4137.390242708791,174.33781766112054,442.75894873941854,62.25314942829679,0.0,287.28830677221845,0.0
6,35,3793.188175668474,468.99278699309605,445.4589405132748,62.98146123678579,0.0,152.5831845068043,4077.949599092722,192.83820955559935,442.75894873941854,62.25314942829679,0.0,287.28830677221845,0.0
6,36,3822.1886398477986,413.08538554297996,445.4589405132748,62.98146123678579,0.0,152.5831845068043,4018.508955476653,211.33860145007813,442.75894873941854,62.25314942829679,0.0,287.28830677221845,0.0
6,37,3851.189104027124,357.1779840928638,445.4589405132748,62.98146123678579,0.0,152.5831845068043,3959.0683118605834,229.8389933445569,442.75894873941854,62.25314942829679,0.0,287.28830677221845,0.0
6,38,3880.1895682064487,301.27058264274774,445.4589405132748,62.98146123678579,0.0,152.5831845068043,3899.627668244514,248.33938523903566,442.75894873941854,62.25314942829679,0.0,287.28830677221845,0.0
6,39,3909.1900323857735,245.3631811926316,445.4589405132748,62.98146123678579,0.0,152.5831845068043,3840.1870246284448,266.8397771335145,442.75894873941854,62.25314942829679,0.0,287.28830677221845,0.0
6,40,3938.1904965650983,189.4557797425155,445.4589405132748,62.98146123678579,0.0,152.5831845068043,3780.746381012376,285.3401690279932,442.75894873941854,62.25314942829679,0.0,287.28830677221845,0.0
6,41,3967.190960744423,133.54837829239938,445.4589405132748,62.98146123678579,0.0,152.5831845068043,3721.3057373963065,303.84056092247204,442.75894873941854,62.25314942829679,0.0,287.28830677221845,0.0
6,42,3996.1914249237484,77.64097684228324,445.4589405132748,62.98146123678579,0.0,152.5831845068043,3661.865093780237,322.3409528169508,442.75894873941854,62.25314942829679,0.0,287.28830677221845,0.0
6,43,4025.191889103073,21.733575392167126,445.4589405132748,62.98146123678579,0.0,152.5831845068043,3602.424450164168,340.8413447114296,442.75894873941854,62.25314942829679,0.0,287.28830677221845,0.0
6,44,4054.192353282398,-34.173826057948986,445.4589405132748,62.98146123678579,0.0,152.5831845068043,3542.983806548099,359.34173660590835,442.75894873941854,62.25314942829679,0.0,287.28830677221845,0.0
6,45,4083.192817461723,-90.08122750806513,445.4589405132748,62.98146123678579,0.0,152.5831845068043,3483.5431629320296,377.84212850038705,442.75894873941854,62.25314942829679,0.0,287.28830677221845,0.0
6,46,4112.193281641048,-145.9886289581812,445.4589405132748,62.98146123678579,0.0,152.5831845068043,3424.1025193159603,396.34252039486586,442.75894873941854,62.25314942829679,0.0,287.28830677221845,0.0
6,47,4141.193745820373,-201.89603040829735,445.4589405132748,62.98146123678579,0.0,152.5831845068043,3364.661875699891,414.84291228934467,442.75894873941854,62.25314942829679,0.0,287.28830677221845,0.0
6,48,4170.194209999698,-257.80343185841343,445.4589405132748,62.98146123678579,0.0,152.5831845068043,3305.2212320838216,433.3433041838235,442.75894873941854,62.25314942829679,0.0,287.28830677221845,0.0
6,49,4199.1946741790225,-313.7108333085296,445.4589405132748,62.98146123678579,0.0,152.5831845068043,3245.7805884677528,451.84369607830223,442.75894873941854,62.25314942829679,0.0,287.28830677221845,0.0
7,0,-6248.338820506453,-5468.813249696495,-242.69545716651754,68.70058161453525,0.0,28.98408382065337,-2648.0778120009395,-3264.499700883718,-237.66952692071152,61.35060937812757,0.0,273.46633115646773,0.0
7,1,-6215.048810427207,-5408.717117182838,-242.69545716651754,68.70058161453525,0.0,28.98408382065337,-2709.31618044977,-3260.7903207747368,-237.66952692071152,61.35060937812757,0.0,273.46633115646773,0.0
7,2,-6181.758800347961,-5348.62098466918,-242.69545716651754,68.70058161453525,0.0,28.98408382065337,-2770.5545488986004,-3257.080940665755,-237.66952692071152,61.35060937812757,0.0,273.46633115646773,0.0
7,3,-6148.468790268716,-5288.524852155521,-242.69545716651754,68.70058161453525,0.0,28.98408382065337,-2831.7929173474304,-3253.3715605567736,-237.66952692071152,61.35060937812757,0.0,273.46633115646773,0.0
7,4,-6115.17878018947,-5228.428719641864,-242.69545716651754,68.70058161453525,0.0,28.98408382065337,-2893.0312857962604,-3249.6621804477923,-237.66952692071152,61.35060937812757,0.0,273.46633115646773,0.0
7,5,-6081.888770110224,-5168.332587128205,-242.69545716651754,68.70058161453525,0.0,28.98408382065337,-2954.269654245091,-3245.952800338811,-237.66952692071152,61.35060937812757,0.0,273.46633115646773,0.0
7,6,-6048.598760030978,-5108.236454614547,-242.69545716651754,68.70058161453525,0.0,28.98408382065337,-3015.5080226939212,-3242.243420229829,-237.66952692071152,61.35060937812757,0.0,273.46633115646773,0.0
7,7,-6015.308749951732,-5048.1403221008895,-242.69545716651754,68.70058161453525,0.0,28.98408382065337,-3076.7463911427512,-3238.5340401208477,-237.66952692071152,61.35060937812757,0.0,273.46633115646773,0.0
7,8,-5982.018739872487,-4988.044189587232,-242.69545716651754,68.70058161453525,0.0,28.98408382065337,-3137.9847595915817,-3234.824660011866,-237.66952692071152,61.35060937812757,0.0,273.46633115646773,0.0
7,9,-5948.728729793241,-4927.948057073574,-242.69545716651754,68.70058161453525,0.0,28.98408382065337,-3199.223128040412,-3231.1152799028846,-237.66952692071152,61.35060937812757,0.0,273.46633115646773,0.0
7,10,-5915.438719713995,-4867.851924559916,-242.69545716651754,68.70058161453525,0.0,28.98408382065337,-3260.461496489242,-3227.4058997939032,-237.66952692071152,61.35060937812757,0.0,273.46633115646773,0.0
7,11,-5882.148709634749,-4807.755792046258,-242.69545716651754,68.70058161453525,0.0,28.98408382065337,-3321.6998649380726,-3223.6965196849214,-237.66952692071152,61.35060937812757,0.0,273.46633115646773,0.0
7,12,-5848.858699555503,-4747.6596595326,-242.69545716651754,68.70058161453525,0.0,28.98408382065337,-3382.9382333869025,-3219.98713957594,-237.66952692071152,61.35060937812757,0.0,273.46633115646773,0.0
7,13,-5815.5686894762575,-4687.563527018942,-242.69545716651754,68.70058161453525,0.0,28.98408382065337,-3444.176601835733,-3216.2777594669583,-237.66952692071152,61.35060937812757,0.0,273.46633115646773,0.0
7,14,-5782.278679397012,-4627.467394505285,-242.69545716651754,68.70058161453525,0.0,28.98408382065337,-3505.414970284563,-3212.568379357977,-237.66952692071152,61.35060937812757,0.0,273.46633115646773,0.0
7,15,-5748.988669317766,-4567.371261991626,-242.69545716651754,68.70058161453525,0.0,28.98408382065337,-3566.653338733393,-3208.8589992489956,-237.66952692071152,61.35060937812757,0.0,273.46633115646773,0.0
7,16,-5715.69865923852,-4507.275129477968,-242.69545716651754,68.70058161453525,0.0,28.98408382065337,-3627.8917071822234,-3205.149619140014,-237.66952692071152,61.35060937812757,0.0,273.46633115646773,0.0
7,17,-5682.408649159274,-4447.1789969643105,-242.69545716651754,68.70058161453525,0.0,28.98408382065337,-3689.130075631054,-3201.4402390310324,-237.66952692071152,61.35060937812757,0.0,273.46633115646773,0.0
7,18,-5649.1186390800285,-4387.082864450653,-242.69545716651754,68.70058161453525,0.0,28.98408382065337,-3750.368444079884,-3197.730858922051,-237.66952692071152,61.35060937812757,0.0,273.46633115646773,0.0
7,19,-5615.828629000783,-4326.986731936995,-242.69545716651754,68.70058161453525,0.0,28.98408382065337,-3811.606812528714,-3194.0214788130693,-237.66952692071152,61.35060937812757,0.0,273.46633115646773,0.0
7,20,-5582.538618921537,-4266.890599423337,-242.69545716651754,68.70058161453525,0.0,28.98408382065337,-3872.8451809775443,-3190.312098704088,-237.66952692071152,61.35060937812757,0.0,273.46633115646773,0.0
7,21,-5549.248608842291,-4206.794466909679,-242.69545716651754,68.70058161453525,0.0,28.98408382065337,-3934.0835494263747,-3186.602718595106,-237.66952692071152,61.35060937812757,0.0,273.46633115646773,0.0
7,22,-5515.958598763045,-4146.698334396021,-242.69545716651754,68.70058161453525,0.0,28.98408382065337,-3995.321917875205,-3182.893338486125,-237.66952692071152,61.35060937812757,0.0,273.46633115646773,0.0
7,23,-5482.6685886837995,-4086.6022018823633,-242.69545716651754,68.70058161453525,0.0,28.98408382065337,-4056.560286324035,-3179.183958377143,-237.66952692071152,61.35060937812757,0.0,273.46633115646773,0.0
7,24,-5449.378578604554,-4026.5060693687055,-242.69545716651754,68.70058161453525,0.0,28.98408382065337,-4117.798654772865,-3175.4745782681616,-237.66952692071152,61.35060937812757,0.0,273.46633115646773,0.0
7,25,-5416.088568525308,-3966.4099368550474,-242.69545716651754,68.70058161453525,0.0,28.98408382065337,-4179.037023221696,-3171.76519815918,-237.66952692071152,61.35060937812757,0.0,273.46633115646773,0.0
7,26,-5382.798558446062,-3906.313804341389,-242.69545716651754,68.70058161453525,0.0,28.98408382065337,-4240.275391670526,-3168.0558180501985,-237.66952692071152,61.35060937812757,0.0,273.46633115646773,0.0
7,27,-5349.508548366816,-3846.2176718277315,-242.69545716651754,68.70058161453525,0.0,28.98408382065337,-4301.513760119356,-3164.346437941217,-237.66952692071152,61.35060937812757,0.0,273.46633115646773,0.0
7,28,-5316.2185382875705,-3786.1215393140737,-242.69545716651754,68.70058161453525,0.0,28.98408382065337,-4362.752128568187,-3160.6370578322358,-237.66952692071152,61.35060937812757,0.0,273.46633115646773,0.0
7,29,-5282.928528208325,-3726.0254068004156,-242.69545716651754,68.70058161453525,0.0,28.98408382065337,-4423.990497017016,-3156.927677723254,-237.66952692071152,61.35060937812757,0.0,273.46633115646773,0.0
7,30,-5249.638518129079,-3665.929274286758,-242.69545716651754,68.70058161453525,0.0,28.98408382065337,-4485.228865465847,-3153.2182976142726,-237.66952692071152,61.35060937812757,0.0,273.46633115646773,0.0
7,31,-5216.348508049833,-3605.8331417730997,-242.69545716651754,68.70058161453525,0.0,28.98408382065337,-4546.467233914677,-3149.508917505291,-237.66952692071152,61.35060937812757,0.0,273.46633115646773,0.0
7,32,-5183.058497970587,-3545.737009259442,-242.69545716651754,68.70058161453525,0.0,28.98408382065337,-4607.705602363507,-3145.7995373963095,-237.66952692071152,61.35060937812757,0.0,273.46633115646773,0.0
7,33,-5149.7684878913415,-3485.640876745784,-242.69545716651754,68.70058161453525,0.0,28.98408382065337,-4668.943970812337,-3142.090157287328,-237.66952692071152,61.35060937812757,0.0,273.46633115646773,0.0
7,34,-5116.478477812096,-3425.544744232126,-242.69545716651754,68.70058161453525,0.0,28.98408382065337,-4730.182339261168,-3138.3807771783463,-237.66952692071152,61.35060937812757,0.0,273.46633115646773,0.0
7,35,-5083.18846773285,-3365.4486117184683,-242.69545716651754,68.70058161453525,0.0,28.98408382065337,-4791.420707709998,-3134.671397069365,-237.66952692071152,61.35060937812757,0.0,273.46633115646773,0.0
7,36,-5049.898457653604,-3305.35247920481,-242.69545716651754,68.70058161453525,0.0,28.98408382065337,-4852.659076158829,-3130.962016960383,-237.66952692071152,61.35060937812757,0.0,273.46633115646773,0.0
7,37,-5016.608447574358,-3245.2563466911524,-242.69545716651754,68.70058161453525,0.0,28.98408382065337,-4913.897444607658,-3127.252636851402,-237.66952692071152,61.35060937812757,0.0,273.46633115646773,0.0
7,38,-4983.318437495112,-3185.1602141774943,-242.69545716651754,68.70058161453525,0.0,28.98408382065337,-4975.135813056489,-3123.5432567424205,-237.66952692071152,61.35060937812757,0.0,273.46633115646773,0.0
7,39,-4950.028427415867,-3125.0640816638365,-242.69545716651754,68.70058161453525,0.0,28.98408382065337,-5036.374181505319,-3119.8338766334386,-237.66952692071152,61.35060937812757,0.0,273.46633115646773,0.0
7,40,-4916.738417336621,-3064.967949150179,-242.69545716651754,68.70058161453525,0.0,28.98408382065337,-5097.6125499541495,-3116.1244965244573,-237.66952692071152,61.35060937812757,0.0,273.46633115646773,0.0
7,41,-4883.448407257375,-3004.8718166365206,-242.69545716651754,68.70058161453525,0.0,28.98408382065337,-5158.850918402979,-3112.4151164154755,-237.66952692071152,61.35060937812757,0.0,273.46633115646773,0.0
7,42,-4850.158397178129,-2944.775684122863,-242.69545716651754,68.70058161453525,0.0,28.98408382065337,-5220.089286851809,-3108.705736306494,-237.66952692071152,61.35060937812757,0.0,273.46633115646773,0.0
7,43,-4816.868387098883,-2884.6795516092047,-242.69545716651754,68.70058161453525,0.0,28.98408382065337,-5281.32765530064,-3104.996356197513,-237.66952692071152,61.35060937812757,0.0,273.46633115646773,0.0
7,44,-4783.578377019638,-2824.583419095547,-242.69545716651754,68.70058161453525,0.0,28.98408382065337,-5342.56602374947,-3101.286976088531,-237.66952692071152,61.35060937812757,0.0,273.46633115646773,0.0
7,45,-4750.288366940392,-2764.487286581889,-242.69545716651754,68.70058161453525,0.0,28.98408382065337,-5403.8043921983,-3097.5775959795496,-237.66952692071152,61.35060937812757,0.0,273.46633115646773,0.0
7,46,-4716.998356861146,-2704.391154068231,-242.69545716651754,68.70058161453525,0.0,28.98408382065337,-5465.04276064713,-3093.8682158705683,-237.66952692071152,61.35060937812757,0.0,273.46633115646773,0.0
7,47,-4683.7083467819,-2644.2950215545734,-242.69545716651754,68.70058161453525,0.0,28.98408382065337,-5526.281129095961,-3090.1588357615865,-237.66952692071152,61.35060937812757,0.0,273.46633115646773,0.0
7,48,-4650.418336702654,-2584.198889040915,-242.69545716651754,68.70058161453525,0.0,28.98408382065337,-5587.519497544791,-3086.449455652605,-237.66952692071152,61.35060937812757,0.0,273.46633115646773,0.0
7,49,-4617.128326623409,-2524.1027565272575,-242.69545716651754,68.70058161453525,0.0,28.98408382065337,-5648.757865993622,-3082.7400755436233,-237.66952692071152,61.35060937812757,0.0,273.46633115646773,0.0
8,0,2792.0311405088496,942.6873706445781,273.59893298745305,64.08377278115977,0.0,0.695516202875841,2919.1839316098944,5846.947285569987,244.8700418035717,62.735411415610194,0.0,182.30506418023563,0.0
8,1,2792.809037381054,1006.7664219041235,273.59893298745305,64.08377278115977,0.0,0.695516202875841,2916.6607066005076,5784.262636882786,244.8700418035717,62.735411415610194,0.0,182.30506418023563,0.0
8,2,2793.5869342532587,1070.8454731636698,273.59893298745305,64.08377278115977,0.0,0.695516202875841,2914.1374815911204,5721.577988195584,244.8700418035717,62.735411415610194,0.0,182.30506418023563,0.0
8,3,2794.364831125463,1134.924524423216,273.59893298745305,64.08377278115977,0.0,0.695516202875841,2911.614256581733,5658.893339508382,244.8700418035717,62.735411415610194,0.0,182.30506418023563,0.0
8,4,2795.1427279976674,1199.003575682762,273.59893298745305,64.08377278115977,0.0,0.695516202875841,2909.0910315723463,5596.20869082118,244.8700418035717,62.735411415610194,0.0,182.30506418023563,0.0
8,5,2795.9206248698715,1263.0826269423083,273.59893298745305,64.08377278115977,0.0,0.695516202875841,2906.567806562959,5533.524042133979,244.8700418035717,62.735411415610194,0.0,182.30506418023563,0.0
8,6,2796.698521742076,1327.161678201854,273.59893298745305,64.08377278115977,0.0,0.695516202875841,2904.0445815535722,5470.839393446778,244.8700418035717,62.735411415610194,0.0,182.30506418023563,0.0
8,7,2797.4764186142806,1391.2407294614,273.59893298745305,64.08377278115977,0.0,0.695516202875841,2901.521356544185,5408.154744759576,244.8700418035717,62.735411415610194,0.0,182.30506418023563,0.0
8,8,2798.2543154864848,1455.319780720946,273.59893298745305,64.08377278115977,0.0,0.695516202875841,2898.9981315347977,5345.470096072375,244.8700418035717,62.735411415610194,0.0,182.30506418023563,0.0
8,9,2799.0322123586893,1519.398831980492,273.59893298745305,64.08377278115977,0.0,0.695516202875841,2896.474906525411,5282.785447385173,244.8700418035717,62.735411415610194,0.0,182.30506418023563,0.0
8,10,2799.8101092308934,1583.4778832400382,273.59893298745305,64.08377278115977,0.0,0.695516202875841,2893.9516815160237,5220.100798697971,244.8700418035717,62.735411415610194,0.0,182.30506418023563,0.0
8,11,2800.588006103098,1647.5569344995843,273.59893298745305,64.08377278115977,0.0,0.695516202875841,2891.4284565066364,5157.41615001077,244.8700418035717,62.735411415610194,0.0,182.30506418023563,0.0
8,12,2801.3659029753026,1711.6359857591303,273.59893298745305,64.08377278115977,0.0,0.695516202875841,2888.9052314972496,5094.731501323568,244.8700418035717,62.735411415610194,0.0,182.30506418023563,0.0
8,13,2802.1437998475067,1775.7150370186762,273.59893298745305,64.08377278115977,0.0,0.695516202875841,2886.3820064878623,5032.046852636367,244.8700418035717,62.735411415610194,0.0,182.30506418023563,0.0
8,14,2802.9216967197112,1839.7940882782223,273.59893298745305,64.08377278115977,0.0,0.695516202875841,2883.858781478475,4969.362203949166,244.8700418035717,62.735411415610194,0.0,182.30506418023563,0.0
8,15,2803.6995935919153,1903.8731395377683,273.59893298745305,64.08377278115977,0.0,0.695516202875841,2881.3355564690883,4906.677555261964,244.8700418035717,62.735411415610194,0.0,182.30506418023563,0.0
8,16,2804.47749046412,1967.9521907973144,273.59893298745305,64.08377278115977,0.0,0.695516202875841,2878.812331459701,4843.992906574762,244.8700418035717,62.735411415610194,0.0,182.30506418023563,0.0
8,17,2805.2553873363245,2032.0312420568605,273.59893298745305,64.08377278115977,0.0,0.695516202875841,2876.289106450314,4781.30825788756,244.8700418035717,62.735411415610194,0.0,182.30506418023563,0.0
8,18,2806.0332842085286,2096.1102933164066,273.59893298745305,64.08377278115977,0.0,0.695516202875841,2873.765881440927,4718.623609200359,244.8700418035717,62.735411415610194,0.0,182.30506418023563,0.0
8,19,2806.811181080733,2160.1893445759524,273.59893298745305,64.08377278115977,0.0,0.695516202875841,2871.2426564315397,4655.938960513158,244.8700418035717,62.735411415610194,0.0,182.30506418023563,0.0
8,20,2807.5890779529373,2224.2683958354983,273.59893298745305,64.08377278115977,0.0,0.695516202875841,2868.719431422153,4593.254311825956,244.8700418035717,62.735411415610194,0.0,182.30506418023563,0.0
8,21,2808.366974825142,2288.3474470950446,273.59893298745305,64.08377278115977,0.0,0.695516202875841,2866.1962064127656,4530.569663138755,244.8700418035717,62.735411415610194,0.0,182.30506418023563,0.0
8,22,2809.1448716973464,2352.426498354591,273.59893298745305,64.08377278115977,0.0,0.695516202875841,2863.6729814033783,4467.885014451553,244.8700418035717,62.735411415610194,0.0,182.30506418023563,0.0
8,23,2809.9227685695505,2416.5055496141367,273.59893298745305,64.08377278115977,0.0,0.695516202875841,2861.1497563939915,4405.200365764352,244.8700418035717,62.735411415610194,0.0,182.30506418023563,0.0
8,24,2810.700665441755,2480.5846008736826,273.59893298745305,64.08377278115977,0.0,0.695516202875841,2858.6265313846043,4342.51571707715,244.8700418035717,62.735411415610194,0.0,182.30506418023563,0.0
8,25,2811.4785623139596,2544.6636521332284,273.59893298745305,64.08377278115977,0.0,0.695516202875841,2856.1033063752175,4279.831068389948,244.8700418035717,62.735411415610194,0.0,182.30506418023563,0.0
8,26,2812.2564591861637,2608.7427033927747,273.59893298745305,64.08377278115977,0.0,0.695516202875841,2853.58008136583,4217.146419702747,244.8700418035717,62.735411415610194,0.0,182.30506418023563,0.0
8,27,2813.0343560583683,2672.8217546523206,273.59893298745305,64.08377278115977,0.0,0.695516202875841,2851.056856356443,4154.461771015545,244.8700418035717,62.735411415610194,0.0,182.30506418023563,0.0
8,28,2813.8122529305724,2736.900805911867,273.59893298745305,64.08377278115977,0.0,0.695516202875841,2848.533631347056,4091.777122328344,244.8700418035717,62.735411415610194,0.0,182.30506418023563,0.0
8,29,2814.590149802777,2800.9798571714127,273.59893298745305,64.08377278115977,0.0,0.695516202875841,2846.010406337669,4029.0924736411425,244.8700418035717,62.735411415610194,0.0,182.30506418023563,0.0
8,30,2815.3680466749815,2865.0589084309586,273.59893298745305,64.08377278115977,0.0,0.695516202875841,2843.4871813282816,3966.4078249539407,244.8700418035717,62.735411415610194,0.0,182.30506418023563,0.0
8,31,2816.1459435471857,2929.137959690505,273.59893298745305,64.08377278115977,0.0,0.695516202875841,2840.963956318895,3903.7231762667393,244.8700418035717,62.735411415610194,0.0,182.30506418023563,0.0
8,32,2816.92384041939,2993.2170109500507,273.59893298745305,64.08377278115977,0.0,0.695516202875841,2838.4407313095076,3841.038527579538,244.8700418035717,62.735411415610194,0.0,182.30506418023563,0.0
8,33,2817.7017372915943,3057.296062209597,273.59893298745305,64.08377278115977,0.0,0.695516202875841,2835.9175063001203,3778.353878892336,244.8700418035717,62.735411415610194,0.0,182.30506418023563,0.0
8,34,2818.479634163799,3121.375113469143,273.59893298745305,64.08377278115977,0.0,0.695516202875841,2833.3942812907335,3715.6692302051347,244.8700418035717,62.735411415610194,0.0,182.30506418023563,0.0
8,35,2819.2575310360035,3185.4541647286887,273.59893298745305,64.08377278115977,0.0,0.695516202875841,2830.8710562813462,3652.9845815179333,244.8700418035717,62.735411415610194,0.0,182.30506418023563,0.0
8,36,2820.0354279082076,3249.533215988235,273.59893298745305,64.08377278115977,0.0,0.695516202875841,2828.3478312719594,3590.2999328307314,244.8700418035717,62.735411415610194,0.0,182.30506418023563,0.0
8,37,2820.813324780412,3313.612267247781,273.59893298745305,64.08377278115977,0.0,0.695516202875841,2825.824606262572,3527.61528414353,244.8700418035717,62.735411415610194,0.0,182.30506418023563,0.0
8,38,2821.5912216526162,3377.691318507327,273.59893298745305,64.08377278115977,0.0,0.695516202875841,2823.301381253185,3464.9306354563287,244.8700418035717,62.735411415610194,0.0,182.30506418023563,0.0
8,39,2822.369118524821,3441.770369766873,273.59893298745305,64.08377278115977,0.0,0.695516202875841,2820.778156243798,3402.245986769127,244.8700418035717,62.735411415610194,0.0,182.30506418023563,0.0
8,40,2823.1470153970254,3505.849421026419,273.59893298745305,64.08377278115977,0.0,0.695516202875841,2818.254931234411,3339.5613380819254,244.8700418035717,62.735411415610194,0.0,182.30506418023563,0.0
8,41,2823.9249122692295,3569.928472285965,273.59893298745305,64.08377278115977,0.0,0.695516202875841,2815.7317062250236,3276.876689394724,244.8700418035717,62.735411415610194,0.0,182.30506418023563,0.0
8,42,2824.702809141434,3634.007523545511,273.59893298745305,64.08377278115977,0.0,0.695516202875841,2813.2084812156368,3214.192040707522,244.8700418035717,62.735411415610194,0.0,182.30506418023563,0.0
8,43,2825.480706013638,3698.0865748050574,273.59893298745305,64.08377278115977,0.0,0.695516202875841,2810.6852562062495,3151.507392020321,244.8700418035717,62.735411415610194,0.0,182.30506418023563,0.0
8,44,2826.2586028858427,3762.165626064603,273.59893298745305,64.08377278115977,0.0,0.695516202875841,2808.1620311968627,3088.8227433331194,244.8700418035717,62.735411415610194,0.0,182.30506418023563,0.0
8,45,2827.0364997580473,3826.244677324149,273.59893298745305,64.08377278115977,0.0,0.695516202875841,2805.6388061874754,3026.1380946459176,244.8700418035717,62.735411415610194,0.0,182.30506418023563,0.0
8,46,2827.8143966302514,3890.3237285836954,273.59893298745305,64.08377278115977,0.0,0.695516202875841,2803.115581178088,2963.453445958716,244.8700418035717,62.735411415610194,0.0,182.30506418023563,0.0
8,47,2828.592293502456,3954.402779843241,273.59893298745305,64.08377278115977,0.0,0.695516202875841,2800.5923561687014,2900.768797271515,244.8700418035717,62.735411415610194,0.0,182.30506418023563,0.0
8,48,2829.37019037466,4018.4818311027875,273.59893298745305,64.08377278115977,0.0,0.695516202875841,2798.069131159314,2838.084148584313,244.8700418035717,62.735411415610194,0.0,182.30506418023563,0.0
8,49,2830.1480872468646,4082.5608823623334,273.59893298745305,64.08377278115977,0.0,0.695516202875841,2795.545906149927,2775.3994998971116,244.8700418035717,62.735411415610194,0.0,182.30506418023563,0.0
9,0,2066.3766084125045,-490.51225684574365,281.8092978049141,69.40031788142109,0.0,25.0291009650513,4005.609147253933,4232.794942769189,275.7776598025348,63.69563329686101,0.0,199.27476783817121,0.0
9,1,2095.738392735685,-427.62911329040526,281.8092978049141,69.40031788142109,0.0,25.0291009650513,3984.583299879264,4172.6696781688115,275.7776598025348,63.69563329686101,0.0,199.27476783817121,0.0
9,2,2125.1001770588655,-364.74596973506596,281.8092978049141,69.40031788142109,0.0,25.0291009650513,3963.557452504595,4112.544413568435,275.7776598025348,63.69563329686101,0.0,199.27476783817121,0.0
9,3,2154.461961382046,-301.86282617972756,281.8092978049141,69.40031788142109,0.0,25.0291009650513,3942.531605129926,4052.4191489680584,275.7776598025348,63.69563329686101,0.0,199.27476783817121,0.0
9,4,2183.823745705227,-238.97968262438917,281.8092978049141,69.40031788142109,0.0,25.0291009650513,3921.505757755257,3992.293884367681,275.7776598025348,63.69563329686101,0.0,199.27476783817121,0.0
9,5,2213.1855300284074,-176.09653906905078,281.8092978049141,69.40031788142109,0.0,25.0291009650513,3900.479910380588,3932.168619767305,275.7776598025348,63.69563329686101,0.0,199.27476783817121,0.0
9,6,2242.5473143515883,-113.21339551371193,281.8092978049141,69.40031788142109,0.0,25.0291009650513,3879.4540630059196,3872.0433551669284,275.7776598025348,63.69563329686101,0.0,199.27476783817121,0.0
9,7,2271.9090986747688,-50.33025195837354,281.8092978049141,69.40031788142109,0.0,25.0291009650513,3858.4282156312506,3811.9180905665517,275.7776598025348,63.69563329686101,0.0,199.27476783817121,0.0
9,8,2301.2708829979492,12.552891596965082,281.8092978049141,69.40031788142109,0.0,25.0291009650513,3837.4023682565817,3751.792825966175,275.7776598025348,63.69563329686101,0.0,199.27476783817121,0.0
9,9,2330.63266732113,75.43603515230393,281.8092978049141,69.40031788142109,0.0,25.0291009650513,3816.3765208819127,3691.667561365798,275.7776598025348,63.69563329686101,0.0,199.27476783817121,0.0
9,10,2359.9944516443106,138.31917870764232,281.8092978049141,69.40031788142109,0.0,25.0291009650513,3795.3506735072438,3631.5422967654213,275.7776598025348,63.69563329686101,0.0,199.27476783817121,0.0
9,11,2389.3562359674916,201.20232226298072,281.8092978049141,69.40031788142109,0.0,25.0291009650513,3774.3248261325753,3571.4170321650445,275.7776598025348,63.69563329686101,0.0,199.27476783817121,0.0
9,12,2418.718020290672,264.08546581831956,281.8092978049141,69.40031788142109,0.0,25.0291009650513,3753.2989787579063,3511.2917675646677,275.7776598025348,63.69563329686101,0.0,199.27476783817121,0.0
9,13,2448.0798046138525,326.96860937365796,281.8092978049141,69.40031788142109,0.0,25.0291009650513,3732.2731313832373,3451.166502964291,275.7776598025348,63.69563329686101,0.0,199.27476783817121,0.0
9,14,2477.4415889370334,389.8517529289966,281.8092978049141,69.40031788142109,0.0,25.0291009650513,3711.2472840085684,3391.041238363914,275.7776598025348,63.69563329686101,0.0,199.27476783817121,0.0
9,15,2506.803373260214,452.73489648433497,281.8092978049141,69.40031788142109,0.0,25.0291009650513,3690.2214366338994,3330.9159737635373,275.7776598025348,63.69563329686101,0.0,199.27476783817121,0.0
9,16,2536.165157583395,515.6180400396736,281.8092978049141,69.40031788142109,0.0,25.0291009650513,3669.1955892592305,3270.7907091631605,275.7776598025348,63.69563329686101,0.0,199.27476783817121,0.0
9,17,2565.5269419065753,578.5011835950124,281.8092978049141,69.40031788142109,0.0,25.0291009650513,3648.169741884562,3210.6654445627837,275.7776598025348,63.69563329686101,0.0,199.27476783817121,0.0
9,18,2594.888726229756,641.3843271503508,281.8092978049141,69.40031788142109,0.0,25.0291009650513,3627.143894509893,3150.540179962407,275.7776598025348,63.69563329686101,0.0,199.27476783817121,0.0
9,19,2624.2505105529367,704.2674707056894,281.8092978049141,69.40031788142109,0.0,25.0291009650513,3606.118047135224,3090.41491536203,275.7776598025348,63.69563329686101,0.0,199.27476783817121,0.0
9,20,2653.612294876117,767.1506142610278,281.8092978049141,69.40031788142109,0.0,25.0291009650513,3585.092199760555,3030.2896507616533,275.7776598025348,63.69563329686101,0.0,199.27476783817121,0.0
9,21,2682.9740791992976,830.0337578163667,281.8092978049141,69.40031788142109,0.0,25.0291009650513,3564.066352385886,2970.1643861612765,275.7776598025348,63.69563329686101,0.0,199.27476783817121,0.0
9,22,2712.3358635224786,892.9169013717051,281.8092978049141,69.40031788142109,0.0,25.0291009650513,3543.040505011217,2910.0391215608997,275.7776598025348,63.69563329686101,0.0,199.27476783817121,0.0
9,23,2741.697647845659,955.8000449270437,281.8092978049141,69.40031788142109,0.0,25.0291009650513,3522.0146576365487,2849.913856960523,275.7776598025348,63.69563329686101,0.0,199.27476783817121,0.0
9,24,2771.0594321688395,1018.6831884823824,281.8092978049141,69.40031788142109,0.0,25.0291009650513,3500.9888102618797,2789.788592360146,275.7776598025348,63.69563329686101,0.0,199.27476783817121,0.0
9,25,2800.4212164920204,1081.5663320377207,281.8092978049141,69.40031788142109,0.0,25.0291009650513,3479.962962887211,2729.6633277597693,275.7776598025348,63.69563329686101,0.0,199.27476783817121,0.0
9,26,2829.783000815201,1144.4494755930596,281.8092978049141,69.40031788142109,0.0,25.0291009650513,3458.937115512542,2669.538063159393,275.7776598025348,63.69563329686101,0.0,199.27476783817121,0.0
9,27,2859.144785138382,1207.332619148398,281.8092978049141,69.40031788142109,0.0,25.0291009650513,3437.911268137873,2609.4127985590158,275.7776598025348,63.69563329686101,0.0,199.27476783817121,0.0
9,28,2888.5065694615623,1270.2157627037368,281.8092978049141,69.40031788142109,0.0,25.0291009650513,3416.885420763204,2549.2875339586394,275.7776598025348,63.69563329686101,0.0,199.27476783817121,0.0
9,29,2917.868353784743,1333.0989062590752,281.8092978049141,69.40031788142109,0.0,25.0291009650513,3395.8595733885354,2489.1622693582626,275.7776598025348,63.69563329686101,0.0,199.27476783817121,0.0
9,30,2947.2301381079237,1395.9820498144138,281.8092978049141,69.40031788142109,0.0,25.0291009650513,3374.8337260138665,2429.037004757886,275.7776598025348,63.69563329686101,0.0,199.27476783817121,0.0
9,31,2976.591922431104,1458.8651933697524,281.8092978049141,69.40031788142109,0.0,25.0291009650513,3353.8078786391975,2368.911740157509,275.7776598025348,63.69563329686101,0.0,199.27476783817121,0.0
9,32,3005.9537067542847,1521.7483369250908,281.8092978049141,69.40031788142109,0.0,25.0291009650513,3332.7820312645285,2308.7864755571322,275.7776598025348,63.69563329686101,0.0,199.27476783817121,0.0
9,33,3035.3154910774656,1584.6314804804294,281.8092978049141,69.40031788142109,0.0,25.0291009650513,3311.7561838898596,2248.6612109567554,275.7776598025348,63.69563329686101,0.0,199.27476783817121,0.0
9,34,3064.677275400646,1647.514624035768,281.8092978049141,69.40031788142109,0.0,25.0291009650513,3290.7303365151906,2188.5359463563786,275.7776598025348,63.69563329686101,0.0,199.27476783817121,0.0
9,35,3094.039059723827,1710.3977675911067,281.8092978049141,69.40031788142109,0.0,25.0291009650513,3269.704489140522,2128.410681756002,275.7776598025348,63.69563329686101,0.0,199.27476783817121,0.0
9,36,3123.4008440470075,1773.2809111464453,281.8092978049141,69.40031788142109,0.0,25.0291009650513,3248.678641765853,2068.285417155625,275.7776598025348,63.69563329686101,0.0,199.27476783817121,0.0
9,37,3152.762628370188,1836.1640547017837,281.8092978049141,69.40031788142109,0.0,25.0291009650513,3227.652794391184,2008.1601525552485,275.7776598025348,63.69563329686101,0.0,199.27476783817121,0.0
9,38,3182.124412693369,1899.0471982571223,281.8092978049141,69.40031788142109,0.0,25.0291009650513,3206.6269470165153,1948.0348879548717,275.7776598025348,63.69563329686101,0.0,199.27476783817121,0.0
9,39,3211.4861970165493,1961.930341812461,281.8092978049141,69.40031788142109,0.0,25.0291009650513,3185.6010996418463,1887.909623354495,275.7776598025348,63.69563329686101,0.0,199.27476783817121,0.0
9,40,3240.84798133973,2024.8134853677996,281.8092978049141,69.40031788142109,0.0,25.0291009650513,3164.575252267178,1827.784358754118,275.7776598025348,63.69563329686101,0.0,199.27476783817121,0.0
9,41,3270.2097656629107,2087.696628923138,281.8092978049141,69.40031788142109,0.0,25.0291009650513,3143.549404892509,1767.6590941537415,275.7776598025348,63.69563329686101,0.0,199.27476783817121,0.0
9,42,3299.571549986091,2150.5797724784766,281.8092978049141,69.40031788142109,0.0,25.0291009650513,3122.52355751784,1707.5338295533647,275.7776598025348,63.69563329686101,0.0,199.27476783817121,0.0
9,43,3328.9333343092717,2213.4629160338154,281.8092978049141,69.40031788142109,0.0,25.0291009650513,3101.497710143171,1647.408564952988,275.7776598025348,63.69563329686101,0.0,199.27476783817121,0.0
9,44,3358.2951186324526,2276.346059589154,281.8092978049141,69.40031788142109,0.0,25.0291009650513,3080.471862768502,1587.2833003526111,275.7776598025348,63.69563329686101,0.0,199.27476783817121,0.0
9,45,3387.656902955633,2339.229203144492,281.8092978049141,69.40031788142109,0.0,25.0291009650513,3059.446015393833,1527.1580357522344,275.7776598025348,63.69563329686101,0.0,199.27476783817121,0.0
9,46,3417.018687278814,2402.112346699831,281.8092978049141,69.40031788142109,0.0,25.0291009650513,3038.4201680191645,1467.0327711518576,275.7776598025348,63.69563329686101,0.0,199.27476783817121,0.0
9,47,3446.3804716019945,2464.9954902551694,281.8092978049141,69.40031788142109,0.0,25.0291009650513,3017.3943206444956,1406.9075065514808,275.7776598025348,63.69563329686101,0.0,199.27476783817121,0.0
9,48,3475.742255925175,2527.8786338105083,281.8092978049141,69.40031788142109,0.0,25.0291009650513,2996.3684732698266,1346.782241951104,275.7776598025348,63.69563329686101,0.0,199.27476783817121,0.0
9,49,3505.104040248356,2590.7617773658467,281.8092978049141,69.40031788142109,0.0,25.0291009650513,2975.3426258951577,1286.6569773507272,275.7776598025348,63.69563329686101,0.0,199.27476783817121,0.0
10,0,3544.961634038162,-3397.462209248561,84.77910651189472,68.70349350904574,0.0,278.10561794988223,743.4241816748834,-428.2278578325745,78.17908471120731,66.61400285212338,0.0,536.7121683646909,0.0
10,1,3476.9444996039674,-3387.7751331309637,84.77910651189472,68.70349350904574,0.0,278.10561794988223,747.2446279528853,-494.73221533055766,78.17908471120731,66.61400285212338,0.0,536.7121683646909,0.0
10,2,3408.9273651697717,-3378.0880570133663,84.77910651189472,68.70349350904574,0.0,278.10561794988223,751.0650742308871,-561.2365728285417,78.17908471120731,66.61400285212338,0.0,536.7121683646909,0.0
10,3,3340.910230735577,-3368.400980895769,84.77910651189472,68.70349350904574,0.0,278.10561794988223,754.8855205088892,-627.7409303265254,78.17908471120731,66.61400285212338,0.0,536.7121683646909,0.0
10,4,3272.893096301382,-3358.713904778171,84.77910651189472,68.70349350904574,0.0,278.10561794988223,758.705966786891,-694.245287824509,78.17908471120731,66.61400285212338,0.0,536.7121683646909,0.0
10,5,3204.875961867187,-3349.0268286605738,84.77910651189472,68.70349350904574,0.0,278.10561794988223,762.5264130648931,-760.7496453224926,78.17908471120731,66.61400285212338,0.0,536.7121683646909,0.0
10,6,3136.858827432992,-3339.3397525429764,84.77910651189472,68.70349350904574,0.0,278.10561794988223,766.346859342895,-827.2540028204758,78.17908471120731,66.61400285212338,0.0,536.7121683646909,0.0
10,7,3068.8416929987966,-3329.652676425379,84.77910651189472,68.70349350904574,0.0,278.10561794988223,770.1673056208969,-893.7583603184594,78.17908471120731,66.61400285212338,0.0,536.7121683646909,0.0
10,8,3000.824558564602,-3319.9656003077816,84.77910651189472,68.70349350904574,0.0,278.10561794988223,773.987751898899,-960.262717816443,78.17908471120731,66.61400285212338,0.0,536.7121683646909,0.0
10,9,2932.8074241304066,-3310.278524190184,84.77910651189472,68.70349350904574,0.0,278.10561794988223,777.8081981769008,-1026.7670753144266,78.17908471120731,66.61400285212338,0.0,536.7121683646909,0.0
10,10,2864.7902896962114,-3300.5914480725864,84.77910651189472,68.70349350904574,0.0,278.10561794988223,781.6286444549028,-1093.2714328124102,78.17908471120731,66.61400285212338,0.0,536.7121683646909,0.0
10,11,2796.773155262016,-3290.904371954989,84.77910651189472,68.70349350904574,0.0,278.10561794988223,785.4490907329047,-1159.7757903103939,78.17908471120731,66.61400285212338,0.0,536.7121683646909,0.0
10,12,2728.7560208278214,-3281.2172958373917,84.77910651189472,68.70349350904574,0.0,278.10561794988223,789.2695370109067,-1226.2801478083775,78.17908471120731,66.61400285212338,0.0,536.7121683646909,0.0
10,13,2660.738886393626,-3271.5302197197943,84.77910651189472,68.70349350904574,0.0,278.10561794988223,793.0899832889086,-1292.7845053063609,78.17908471120731,66.61400285212338,0.0,536.7121683646909,0.0
10,14,2592.7217519594315,-3261.8431436021965,84.77910651189472,68.70349350904574,0.0,278.10561794988223,796.9104295669106,-1359.2888628043445,78.17908471120731,66.61400285212338,0.0,536.7121683646909,0.0
10,15,2524.7046175252362,-3252.156067484599,84.77910651189472,68.70349350904574,0.0,278.10561794988223,800.7308758449125,-1425.793220302328,78.17908471120731,66.61400285212338,0.0,536.7121683646909,0.0
10,16,2456.687483091041,-3242.4689913670018,84.77910651189472,68.70349350904574,0.0,278.10561794988223,804.5513221229144,-1492.2975778003117,78.17908471120731,66.61400285212338,0.0,536.7121683646909,0.0
10,17,2388.6703486568463,-3232.7819152494044,84.77910651189472,68.70349350904574,0.0,278.10561794988223,808.3717684009164,-1558.8019352982953,78.17908471120731,66.61400285212338,0.0,536.7121683646909,0.0
10,18,2320.653214222651,-3223.094839131807,84.77910651189472,68.70349350904574,0.0,278.10561794988223,812.1922146789184,-1625.306292796279,78.17908471120731,66.61400285212338,0.0,536.7121683646909,0.0
10,19,2252.6360797884563,-3213.407763014209,84.77910651189472,68.70349350904574,0.0,278.10561794988223,816.0126609569203,-1691.8106502942624,78.17908471120731,66.61400285212338,0.0,536.7121683646909,0.0
10,20,2184.618945354261,-3203.720686896612,84.77910651189472,68.70349350904574,0.0,278.10561794988223,819.8331072349223,-1758.315007792246,78.17908471120731,66.61400285212338,0.0,536.7121683646909,0.0
10,21,2116.601810920066,-3194.0336107790145,84.77910651189472,68.70349350904574,0.0,278.10561794988223,823.6535535129242,-1824.8193652902296,78.17908471120731,66.61400285212338,0.0,536.7121683646909,0.0
10,22,2048.5846764858707,-3184.346534661417,84.77910651189472,68.70349350904574,0.0,278.10561794988223,827.4739997909262,-1891.3237227882132,78.17908471120731,66.61400285212338,0.0,536.7121683646909,0.0
10,23,1980.5675420516757,-3174.6594585438193,84.77910651189472,68.70349350904574,0.0,278.10561794988223,831.2944460689281,-1957.8280802861968,78.17908471120731,66.61400285212338,0.0,536.7121683646909,0.0
10,24,1912.5504076174807,-3164.972382426222,84.77910651189472,68.70349350904574,0.0,278.10561794988223,835.1148923469301,-2024.3324377841805,78.17908471120731,66.61400285212338,0.0,536.7121683646909,0.0
10,25,1844.5332731832855,-3155.2853063086245,84.77910651189472,68.70349350904574,0.0,278.10561794988223,838.935338624932,-2090.836795282164,78.17908471120731,66.61400285212338,0.0,536.7121683646909,0.0
10,26,1776.5161387490905,-3145.598230191027,84.77910651189472,68.70349350904574,0.0,278.10561794988223,842.7557849029339,-2157.3411527801472,78.17908471120731,66.61400285212338,0.0,536.7121683646909,0.0
10,27,1708.4990043148955,-3135.9111540734298,84.77910651189472,68.70349350904574,0.0,278.10561794988223,846.5762311809359,-2223.845510278131,78.17908471120731,66.61400285212338,0.0,536.7121683646909,0.0
10,28,1640.4818698807005,-3126.224077955832,84.77910651189472,68.70349350904574,0.0,278.10561794988223,850.3966774589378,-2290.3498677761145,78.17908471120731,66.61400285212338,0.0,536.7121683646909,0.0
10,29,1572.4647354465055,-3116.5370018382346,84.77910651189472,68.70349350904574,0.0,278.10561794988223,854.2171237369398,-2356.854225274098,78.17908471120731,66.61400285212338,0.0,536.7121683646909,0.0
10,30,1504.4476010123103,-3106.849925720637,84.77910651189472,68.70349350904574,0.0,278.10561794988223,858.0375700149417,-2423.3585827720817,78.17908471120731,66.61400285212338,0.0,536.7121683646909,0.0
10,31,1436.430466578115,-3097.16284960304,84.77910651189472,68.70349350904574,0.0,278.10561794988223,861.8580162929437,-2489.8629402700653,78.17908471120731,66.61400285212338,0.0,536.7121683646909,0.0
10,32,1368.4133321439201,-3087.475773485442,84.77910651189472,68.70349350904574,0.0,278.10561794988223,865.6784625709456,-2556.367297768049,78.17908471120731,66.61400285212338,0.0,536.7121683646909,0.0
10,33,1300.3961977097251,-3077.7886973678446,84.77910651189472,68.70349350904574,0.0,278.10561794988223,869.4989088489476,-2622.8716552660326,78.17908471120731,66.61400285212338,0.0,536.7121683646909,0.0
10,34,1232.3790632755301,-3068.1016212502473,84.77910651189472,68.70349350904574,0.0,278.10561794988223,873.3193551269495,-2689.376012764016,78.17908471120731,66.61400285212338,0.0,536.7121683646909,0.0
10,35,1164.361928841335,-3058.41454513265,84.77910651189472,68.70349350904574,0.0,278.10561794988223,877.1398014049514,-2755.880370262,78.17908471120731,66.61400285212338,0.0,536.7121683646909,0.0
10,36,1096.34479440714,-3048.7274690150525,84.77910651189472,68.70349350904574,0.0,278.10561794988223,880.9602476829534,-2822.3847277599834,78.17908471120731,66.61400285212338,0.0,536.7121683646909,0.0
10,37,1028.327659972945,-3039.0403928974547,84.77910651189472,68.70349350904574,0.0,278.10561794988223,884.7806939609553,-2888.889085257967,78.17908471120731,66.61400285212338,0.0,536.7121683646909,0.0
10,38,960.3105255387499,-3029.3533167798573,84.77910651189472,68.70349350904574,0.0,278.10561794988223,888.6011402389573,-2955.39344275595,78.17908471120731,66.61400285212338,0.0,536.7121683646909,0.0
10,39,892.2933911045548,-3019.66624066226,84.77910651189472,68.70349350904574,0.0,278.10561794988223,892.4215865169592,-3021.897800253934,78.17908471120731,66.61400285212338,0.0,536.7121683646909,0.0
10,40,824.2762566703597,-3009.9791645446626,84.77910651189472,68.70349350904574,0.0,278.10561794988223,896.2420327949612,-3088.4021577519175,78.17908471120731,66.61400285212338,0.0,536.7121683646909,0.0
10,41,756.2591222361647,-3000.292088427065,84.77910651189472,68.70349350904574,0.0,278.10561794988223,900.0624790729631,-3154.906515249901,78.17908471120731,66.61400285212338,0.0,536.7121683646909,0.0
10,42,688.2419878019696,-2990.6050123094674,84.77910651189472,68.70349350904574,0.0,278.10561794988223,903.8829253509651,-3221.4108727478847,78.17908471120731,66.61400285212338,0.0,536.7121683646909,0.0
10,43,620.2248533677746,-2980.91793619187,84.77910651189472,68.70349350904574,0.0,278.10561794988223,907.703371628967,-3287.9152302458683,78.17908471120731,66.61400285212338,0.0,536.7121683646909,0.0
10,44,552.2077189335794,-2971.2308600742726,84.77910651189472,68.70349350904574,0.0,278.10561794988223,911.523817906969,-3354.419587743852,78.17908471120731,66.61400285212338,0.0,536.7121683646909,0.0
10,45,484.1905844993844,-2961.5437839566753,84.77910651189472,68.70349350904574,0.0,278.10561794988223,915.3442641849709,-3420.9239452418356,78.17908471120731,66.61400285212338,0.0,536.7121683646909,0.0
10,46,416.17345006518934,-2951.856707839078,84.77910651189472,68.70349350904574,0.0,278.10561794988223,919.164710462973,-3487.428302739819,78.17908471120731,66.61400285212338,0.0,536.7121683646909,0.0
10,47,348.1563156309943,-2942.16963172148,84.77910651189472,68.70349350904574,0.0,278.10561794988223,922.9851567409748,-3553.9326602378023,78.17908471120731,66.61400285212338,0.0,536.7121683646909,0.0
10,48,280.1391811967992,-2932.4825556038827,84.77910651189472,68.70349350904574,0.0,278.10561794988223,926.8056030189767,-3620.437017735786,78.17908471120731,66.61400285212338,0.0,536.7121683646909,0.0
10,49,212.1220467626041,-2922.7954794862853,84.77910651189472,68.70349350904574,0.0,278.10561794988223,930.6260492969787,-3686.9413752337696,78.17908471120731,66.61400285212338,0.0,536.7121683646909,0.0
11,0,1616.509319061301,-2221.4711462666264,-354.65454379232807,66.3960844957262,0.0,221.61829144492435,-2319.452540317211,-3392.7862001108174,-333.7647196154969,61.74818674419619,0.0,469.03329789507904,0.0
11,1,1572.4113695566862,-2271.1079359074965,-354.65454379232807,66.3960844957262,0.0,221.61829144492435,-2261.0801757584513,-3412.9233702698875,-333.7647196154969,61.74818674419619,0.0,469.03329789507904,0.0
11,2,1528.3134200520715,-2320.744725548367,-354.65454379232807,66.3960844957262,0.0,221.61829144492435,-2202.707811199691,-3433.0605404289577,-333.7647196154969,61.74818674419619,0.0,469.03329789507904,0.0
11,3,1484.2154705474563,-2370.3815151892377,-354.65454379232807,66.3960844957262,0.0,221.61829144492435,-2144.335446640931,-3453.1977105880273,-333.7647196154969,61.74818674419619,0.0,469.03329789507904,0.0
11,4,1440.1175210428412,-2420.0183048301087,-354.65454379232807,66.3960844957262,0.0,221.61829144492435,-2085.9630820821712,-3473.334880747098,-333.7647196154969,61.74818674419619,0.0,469.03329789507904,0.0
11,5,1396.0195715382263,-2469.655094470979,-354.65454379232807,66.3960844957262,0.0,221.61829144492435,-2027.5907175234113,-3493.472050906168,-333.7647196154969,61.74818674419619,0.0,469.03329789507904,0.0
11,6,1351.9216220336114,-2519.2918841118494,-354.65454379232807,66.3960844957262,0.0,221.61829144492435,-1969.2183529646513,-3513.609221065238,-333.7647196154969,61.74818674419619,0.0,469.03329789507904,0.0
11,7,1307.8236725289962,-2568.92867375272,-354.65454379232807,66.3960844957262,0.0,221.61829144492435,-1910.8459884058911,-3533.7463912243084,-333.7647196154969,61.74818674419619,0.0,469.03329789507904,0.0
11,8,1263.725723024381,-2618.565463393591,-354.65454379232807,66.3960844957262,0.0,221.61829144492435,-1852.473623847131,-3553.8835613833785,-333.7647196154969,61.74818674419619,0.0,469.03329789507904,0.0
11,9,1219.6277735197662,-2668.202253034461,-354.65454379232807,66.3960844957262,0.0,221.61829144492435,-1794.101259288371,-3574.0207315424486,-333.7647196154969,61.74818674419619,0.0,469.03329789507904,0.0
11,10,1175.5298240151512,-2717.839042675332,-354.65454379232807,66.3960844957262,0.0,221.61829144492435,-1735.7288947296108,-3594.1579017015188,-333.7647196154969,61.74818674419619,0.0,469.03329789507904,0.0
11,11,1131.4318745105363,-2767.4758323162023,-354.65454379232807,66.3960844957262,0.0,221.61829144492435,-1677.356530170851,-3614.295071860589,-333.7647196154969,61.74818674419619,0.0,469.03329789507904,0.0
11,12,1087.3339250059212,-2817.1126219570733,-354.65454379232807,66.3960844957262,0.0,221.61829144492435,-1618.9841656120911,-3634.432242019659,-333.7647196154969,61.74818674419619,0.0,469.03329789507904,0.0
11,13,1043.2359755013063,-2866.749411597944,-354.65454379232807,66.3960844957262,0.0,221.61829144492435,-1560.6118010533312,-3654.569412178729,-333.7647196154969,61.74818674419619,0.0,469.03329789507904,0.0
11,14,999.1380259966911,-2916.3862012388145,-354.65454379232807,66.3960844957262,0.0,221.61829144492435,-1502.239436494571,-3674.7065823377993,-333.7647196154969,61.74818674419619,0.0,469.03329789507904,0.0
11,15,955.0400764920762,-2966.022990879685,-354.65454379232807,66.3960844957262,0.0,221.61829144492435,-1443.867071935811,-3694.8437524968695,-333.7647196154969,61.74818674419619,0.0,469.03329789507904,0.0
11,16,910.9421269874612,-3015.6597805205556,-354.65454379232807,66.3960844957262,0.0,221.61829144492435,-1385.494707377051,-3714.9809226559396,-333.7647196154969,61.74818674419619,0.0,469.03329789507904,0.0
11,17,866.8441774828462,-3065.296570161426,-354.65454379232807,66.3960844957262,0.0,221.61829144492435,-1327.1223428182911,-3735.1180928150097,-333.7647196154969,61.74818674419619,0.0,469.03329789507904,0.0
11,18,822.7462279782312,-3114.9333598022968,-354.65454379232807,66.3960844957262,0.0,221.61829144492435,-1268.749978259531,-3755.25526297408,-333.7647196154969,61.74818674419619,0.0,469.03329789507904,0.0
11,19,778.6482784736162,-3164.5701494431673,-354.65454379232807,66.3960844957262,0.0,221.61829144492435,-1210.377613700771,-3775.39243313315,-333.7647196154969,61.74818674419619,0.0,469.03329789507904,0.0
11,20,734.5503289690012,-3214.206939084038,-354.65454379232807,66.3960844957262,0.0,221.61829144492435,-1152.005249142011,-3795.52960329222,-333.7647196154969,61.74818674419619,0.0,469.03329789507904,0.0
11,21,690.4523794643862,-3263.8437287249085,-354.65454379232807,66.3960844957262,0.0,221.61829144492435,-1093.632884583251,-3815.6667734512903,-333.7647196154969,61.74818674419619,0.0,469.03329789507904,0.0
11,22,646.3544299597712,-3313.480518365779,-354.65454379232807,66.3960844957262,0.0,221.61829144492435,-1035.260520024491,-3835.8039436103604,-333.7647196154969,61.74818674419619,0.0,469.03329789507904,0.0
11,23,602.2564804551562,-3363.1173080066496,-354.65454379232807,66.3960844957262,0.0,221.61829144492435,-976.8881554657311,-3855.9411137694306,-333.7647196154969,61.74818674419619,0.0,469.03329789507904,0.0
11,24,558.1585309505411,-3412.75409764752,-354.65454379232807,66.3960844957262,0.0,221.61829144492435,-918.515790906971,-3876.0782839285007,-333.7647196154969,61.74818674419619,0.0,469.03329789507904,0.0
11,25,514.0605814459262,-3462.390887288391,-354.65454379232807,66.3960844957262,0.0,221.61829144492435,-860.1434263482109,-3896.215454087571,-333.7647196154969,61.74818674419619,0.0,469.03329789507904,0.0
11,26,469.9626319413112,-3512.0276769292614,-354.65454379232807,66.3960844957262,0.0,221.61829144492435,-801.771061789451,-3916.352624246641,-333.7647196154969,61.74818674419619,0.0,469.03329789507904,0.0
11,27,425.86468243669617,-3561.6644665701324,-354.65454379232807,66.3960844957262,0.0,221.61829144492435,-743.398697230691,-3936.489794405711,-333.7647196154969,61.74818674419619,0.0,469.03329789507904,0.0
11,28,381.7667329320812,-3611.3012562110025,-354.65454379232807,66.3960844957262,0.0,221.61829144492435,-685.026332671931,-3956.6269645647812,-333.7647196154969,61.74818674419619,0.0,469.03329789507904,0.0
11,29,337.66878342746617,-3660.9380458518735,-354.65454379232807,66.3960844957262,0.0,221.61829144492435,-626.653968113171,-3976.7641347238514,-333.7647196154969,61.74818674419619,0.0,469.03329789507904,0.0
11,30,293.5708339228512,-3710.574835492744,-354.65454379232807,66.3960844957262,0.0,221.61829144492435,-568.281603554411,-3996.9013048829215,-333.7647196154969,61.74818674419619,0.0,469.03329789507904,0.0
11,31,249.47288441823616,-3760.2116251336147,-354.65454379232807,66.3960844957262,0.0,221.61829144492435,-509.909238995651,-4017.0384750419917,-333.7647196154969,61.74818674419619,0.0,469.03329789507904,0.0
11,32,205.3749349136212,-3809.8484147744853,-354.65454379232807,66.3960844957262,0.0,221.61829144492435,-451.53687443689097,-4037.175645201062,-333.7647196154969,61.74818674419619,0.0,469.03329789507904,0.0
11,33,161.27698540900616,-3859.485204415356,-354.65454379232807,66.3960844957262,0.0,221.61829144492435,-393.16450987813096,-4057.312815360132,-333.7647196154969,61.74818674419619,0.0,469.03329789507904,0.0
11,34,117.17903590439116,-3909.1219940562264,-354.65454379232807,66.3960844957262,0.0,221.61829144492435,-334.792145319371,-4077.449985519202,-333.7647196154969,61.74818674419619,0.0,469.03329789507904,0.0
11,35,73.08108639977615,-3958.758783697097,-354.65454379232807,66.3960844957262,0.0,221.61829144492435,-276.41978076061093,-4097.587155678272,-333.7647196154969,61.74818674419619,0.0,469.03329789507904,0.0
11,36,28.983136895161152,-4008.3955733379676,-354.65454379232807,66.3960844957262,0.0,221.61829144492435,-218.04741620185092,-4117.724325837342,-333.7647196154969,61.74818674419619,0.0,469.03329789507904,0.0
11,37,-15.11481260945385,-4058.032362978838,-354.65454379232807,66.3960844957262,0.0,221.61829144492435,-159.6750516430909,-4137.8614959964125,-333.7647196154969,61.74818674419619,0.0,469.03329789507904,0.0
11,38,-59.21276211406885,-4107.669152619708,-354.65454379232807,66.3960844957262,0.0,221.61829144492435,-101.30268708433091,-4157.998666155482,-333.7647196154969,61.74818674419619,0.0,469.03329789507904,0.0
11,39,-103.31071161868385,-4157.305942260579,-354.65454379232807,66.3960844957262,0.0,221.61829144492435,-42.93032252557091,-4178.135836314553,-333.7647196154969,61.74818674419619,0.0,469.03329789507904,0.0
11,40,-147.40866112329886,-4206.94273190145,-354.65454379232807,66.3960844957262,0.0,221.61829144492435,15.442042033189097,-4198.273006473622,-333.7647196154969,61.74818674419619,0.0,469.03329789507904,0.0
11,41,-191.50661062791386,-4256.57952154232,-354.65454379232807,66.3960844957262,0.0,221.61829144492435,73.81440659194908,-4218.410176632693,-333.7647196154969,61.74818674419619,0.0,469.03329789507904,0.0
11,42,-235.60456013252886,-4306.2163111831915,-354.65454379232807,66.3960844957262,0.0,221.61829144492435,132.18677115070912,-4238.547346791763,-333.7647196154969,61.74818674419619,0.0,469.03329789507904,0.0
11,43,-279.70250963714386,-4355.853100824062,-354.65454379232807,66.3960844957262,0.0,221.61829144492435,190.5591357094691,-4258.684516950833,-333.7647196154969,61.74818674419619,0.0,469.03329789507904,0.0
11,44,-323.8004591417589,-4405.489890464933,-354.65454379232807,66.3960844957262,0.0,221.61829144492435,248.93150026822912,-4278.821687109903,-333.7647196154969,61.74818674419619,0.0,469.03329789507904,0.0
11,45,-367.89840864637387,-4455.126680105803,-354.65454379232807,66.3960844957262,0.0,221.61829144492435,307.3038648269891,-4298.958857268974,-333.7647196154969,61.74818674419619,0.0,469.03329789507904,0.0
11,46,-411.9963581509889,-4504.763469746674,-354.65454379232807,66.3960844957262,0.0,221.61829144492435,365.67622938574914,-4319.096027428043,-333.7647196154969,61.74818674419619,0.0,469.03329789507904,0.0
11,47,-456.09430765560387,-4554.400259387544,-354.65454379232807,66.3960844957262,0.0,221.61829144492435,424.0485939445092,-4339.233197587114,-333.7647196154969,61.74818674419619,0.0,469.03329789507904,0.0
11,48,-500.1922571602189,-4604.037049028415,-354.65454379232807,66.3960844957262,0.0,221.61829144492435,482.42095850326916,-4359.370367746184,-333.7647196154969,61.74818674419619,0.0,469.03329789507904,0.0
11,49,-544.2902066648339,-4653.673838669285,-354.65454379232807,66.3960844957262,0.0,221.61829144492435,540.7933230620292,-4379.507537905254,-333.7647196154969,61.74818674419619,0.0,469.03329789507904,0.0
12,0,2844.896500750134,-461.5160741313857,488.99625784767943,65.41508203547586,0.0,342.21429078227254,-342.192523844657,2307.8844455504427,510.5960509458354,63.91222955856177,0.0,458.0408172128998,0.0
12,1,2824.914952776001,-399.22746603756605,488.99625784767943,65.41508203547586,0.0,342.21429078227254,-278.90863642418026,2298.9444969992046,510.5960509458354,63.91222955856177,0.0,458.0408172128998,0.0
12,2,2804.9334048018686,-336.9388579437459,488.99625784767943,65.41508203547586,0.0,342.21429078227254,-215.62474900370398,2290.0045484479665,510.5960509458354,63.91222955856177,0.0,458.0408172128998,0.0
12,3,2784.951856827736,-274.65024984992624,488.99625784767943,65.41508203547586,0.0,342.21429078227254,-152.34086158322816,2281.0645998967284,510.5960509458354,63.91222955856177,0.0,458.0408172128998,0.0
12,4,2764.9703088536035,-212.36164175610656,488.99625784767943,65.41508203547586,0.0,342.21429078227254,-89.05697416275189,2272.1246513454903,510.5960509458354,63.91222955856177,0.0,458.0408172128998,0.0
12,5,2744.9887608794706,-150.0730336622869,488.99625784767943,65.41508203547586,0.0,342.21429078227254,-25.77308674227561,2263.1847027942517,510.5960509458354,63.91222955856177,0.0,458.0408172128998,0.0
12,6,2725.007212905338,-87.78442556846676,488.99625784767943,65.41508203547586,0.0,342.21429078227254,37.51080067820044,2254.2447542430136,510.5960509458354,63.91222955856177,0.0,458.0408172128998,0.0
12,7,2705.025664931205,-25.49581747464731,488.99625784767943,65.41508203547586,0.0,342.21429078227254,100.79468809867672,2245.3048056917755,510.5960509458354,63.91222955856177,0.0,458.0408172128998,0.0
12,8,2685.0441169570727,36.79279061917259,488.99625784767943,65.41508203547586,0.0,342.21429078227254,164.078575519153,2236.3648571405374,510.5960509458354,63.91222955856177,0.0,458.0408172128998,0.0
12,9,2665.06256898294,99.08139871299227,488.99625784767943,65.41508203547586,0.0,342.21429078227254,227.36246293962927,2227.4249085892993,510.5960509458354,63.91222955856177,0.0,458.0408172128998,0.0
12,10,2645.0810210088075,161.37000680681217,488.99625784767943,65.41508203547586,0.0,342.21429078227254,290.64635036010554,2218.484960038061,510.5960509458354,63.91222955856177,0.0,458.0408172128998,0.0
12,11,2625.0994730346747,223.65861490063185,488.99625784767943,65.41508203547586,0.0,342.21429078227254,353.9302377805818,2209.545011486823,510.5960509458354,63.91222955856177,0.0,458.0408172128998,0.0
12,12,2605.117925060542,285.94722299445175,488.99625784767943,65.41508203547586,0.0,342.21429078227254,417.2141252010581,2200.6050629355846,510.5960509458354,63.91222955856177,0.0,458.0408172128998,0.0
12,13,2585.1363770864095,348.2358310882714,488.99625784767943,65.41508203547586,0.0,342.21429078227254,480.49801262153414,2191.6651143843465,510.5960509458354,63.91222955856177,0.0,458.0408172128998,0.0
12,14,2565.1548291122767,410.5244391820913,488.99625784767943,65.41508203547586,0.0,342.21429078227254,543.7819000420104,2182.7251658331083,510.5960509458354,63.91222955856177,0.0,458.0408172128998,0.0
12,15,2545.1732811381444,472.813047275911,488.99625784767943,65.41508203547586,0.0,342.21429078227254,607.0657874624865,2173.7852172818702,510.5960509458354,63.91222955856177,0.0,458.0408172128998,0.0
12,16,2525.1917331640116,535.1016553697309,488.99625784767943,65.41508203547586,0.0,342.21429078227254,670.349674882963,2164.8452687306317,510.5960509458354,63.91222955856177,0.0,458.0408172128998,0.0
12,17,2505.2101851898788,597.3902634635508,488.99625784767943,65.41508203547586,0.0,342.21429078227254,733.6335623034392,2155.9053201793936,510.5960509458354,63.91222955856177,0.0,458.0408172128998,0.0
12,18,2485.228637215746,659.6788715573705,488.99625784767943,65.41508203547586,0.0,342.21429078227254,796.9174497239155,2146.9653716281555,510.5960509458354,63.91222955856177,0.0,458.0408172128998,0.0
12,19,2465.2470892416136,721.9674796511904,488.99625784767943,65.41508203547586,0.0,342.21429078227254,860.2013371443916,2138.0254230769174,510.5960509458354,63.91222955856177,0.0,458.0408172128998,0.0
12,20,2445.265541267481,784.2560877450101,488.99625784767943,65.41508203547586,0.0,342.21429078227254,923.4852245648681,2129.0854745256793,510.5960509458354,63.91222955856177,0.0,458.0408172128998,0.0
12,21,2425.2839932933484,846.54469583883,488.99625784767943,65.41508203547586,0.0,342.21429078227254,986.7691119853444,2120.145525974441,510.5960509458354,63.91222955856177,0.0,458.0408172128998,0.0
12,22,2405.3024453192156,908.8333039326496,488.99625784767943,65.41508203547586,0.0,342.21429078227254,1050.0529994058206,2111.205577423203,510.5960509458354,63.91222955856177,0.0,458.0408172128998,0.0
12,23,2385.320897345083,971.1219120264694,488.99625784767943,65.41508203547586,0.0,342.21429078227254,1113.336886826297,2102.2656288719645,510.5960509458354,63.91222955856177,0.0,458.0408172128998,0.0
12,24,2365.3393493709505,1033.4105201202892,488.99625784767943,65.41508203547586,0.0,342.21429078227254,1176.6207742467732,2093.3256803207264,510.5960509458354,63.91222955856177,0.0,458.0408172128998,0.0
12,25,2345.3578013968176,1095.699128214109,488.99625784767943,65.41508203547586,0.0,342.21429078227254,1239.9046616672492,2084.3857317694883,510.5960509458354,63.91222955856177,0.0,458.0408172128998,0.0
12,26,2325.376253422685,1157.9877363079288,488.99625784767943,65.41508203547586,0.0,342.21429078227254,1303.1885490877255,2075.44578321825,510.5960509458354,63.91222955856177,0.0,458.0408172128998,0.0
12,27,2305.3947054485525,1220.2763444017487,488.99625784767943,65.41508203547586,0.0,342.21429078227254,1366.4724365082016,2066.505834667012,510.5960509458354,63.91222955856177,0.0,458.0408172128998,0.0
12,28,2285.4131574744197,1282.5649524955684,488.99625784767943,65.41508203547586,0.0,342.21429078227254,1429.7563239286778,2057.5658861157735,510.5960509458354,63.91222955856177,0.0,458.0408172128998,0.0
12,29,2265.431609500287,1344.8535605893883,488.99625784767943,65.41508203547586,0.0,342.21429078227254,1493.040211349154,2048.6259375645354,510.5960509458354,63.91222955856177,0.0,458.0408172128998,0.0
12,30,2245.4500615261545,1407.1421686832082,488.99625784767943,65.41508203547586,0.0,342.21429078227254,1556.3240987696304,2039.6859890132973,510.5960509458354,63.91222955856177,0.0,458.0408172128998,0.0
12,31,2225.4685135520217,1469.4307767770279,488.99625784767943,65.41508203547586,0.0,342.21429078227254,1619.6079861901067,2030.7460404620592,510.5960509458354,63.91222955856177,0.0,458.0408172128998,0.0
12,32,2205.4869655778894,1531.7193848708475,488.99625784767943,65.41508203547586,0.0,342.21429078227254,1682.891873610583,2021.8060919108211,510.5960509458354,63.91222955856177,0.0,458.0408172128998,0.0
12,33,2185.5054176037565,1594.0079929646674,488.99625784767943,65.41508203547586,0.0,342.21429078227254,1746.1757610310592,2012.8661433595828,510.5960509458354,63.91222955856177,0.0,458.0408172128998,0.0
12,34,2165.5238696296237,1656.2966010584873,488.99625784767943,65.41508203547586,0.0,342.21429078227254,1809.4596484515355,2003.9261948083447,510.5960509458354,63.91222955856177,0.0,458.0408172128998,0.0
12,35,2145.5423216554914,1718.585209152307,488.99625784767943,65.41508203547586,0.0,342.21429078227254,1872.7435358720118,1994.9862462571066,510.5960509458354,63.91222955856177,0.0,458.0408172128998,0.0
12,36,2125.5607736813586,1780.8738172461267,488.99625784767943,65.41508203547586,0.0,342.21429078227254,1936.0274232924878,1986.0462977058683,510.5960509458354,63.91222955856177,0.0,458.0408172128998,0.0
12,37,2105.5792257072258,1843.1624253399466,488.99625784767943,65.41508203547586,0.0,342.21429078227254,1999.311310712964,1977.1063491546302,510.5960509458354,63.91222955856177,0.0,458.0408172128998,0.0
12,38,2085.5976777330934,1905.4510334337663,488.99625784767943,65.41508203547586,0.0,342.21429078227254,2062.5951981334406,1968.166400603392,510.5960509458354,63.91222955856177,0.0,458.0408172128998,0.0
12,39,2065.6161297589606,1967.7396415275862,488.99625784767943,65.41508203547586,0.0,342.21429078227254,2125.8790855539164,1959.2264520521537,510.5960509458354,63.91222955856177,0.0,458.0408172128998,0.0
12,40,2045.634581784828,2030.028249621406,488.99625784767943,65.41508203547586,0.0,342.21429078227254,2189.1629729743927,1950.2865035009156,510.5960509458354,63.91222955856177,0.0,458.0408172128998,0.0
12,41,2025.6530338106952,2092.316857715226,488.99625784767943,65.41508203547586,0.0,342.21429078227254,2252.446860394869,1941.3465549496775,510.5960509458354,63.91222955856177,0.0,458.0408172128998,0.0
12,42,2005.6714858365626,2154.6054658090457,488.99625784767943,65.41508203547586,0.0,342.21429078227254,2315.7307478153452,1932.4066063984392,510.5960509458354,63.91222955856177,0.0,458.0408172128998,0.0
12,43,1985.68993786243,2216.8940739028653,488.99625784767943,65.41508203547586,0.0,342.21429078227254,2379.0146352358215,1923.466657847201,510.5960509458354,63.91222955856177,0.0,458.0408172128998,0.0
12,44,1965.7083898882975,2279.182681996685,488.99625784767943,65.41508203547586,0.0,342.21429078227254,2442.298522656298,1914.5267092959627,510.5960509458354,63.91222955856177,0.0,458.0408172128998,0.0
12,45,1945.7268419141647,2341.471290090505,488.99625784767943,65.41508203547586,0.0,342.21429078227254,2505.582410076774,1905.5867607447246,510.5960509458354,63.91222955856177,0.0,458.0408172128998,0.0
12,46,1925.745293940032,2403.759898184325,488.99625784767943,65.41508203547586,0.0,342.21429078227254,2568.8662974972503,1896.6468121934865,510.5960509458354,63.91222955856177,0.0,458.0408172128998,0.0
12,47,1905.7637459658995,2466.0485062781445,488.99625784767943,65.41508203547586,0.0,342.21429078227254,2632.1501849177266,1887.7068636422482,510.5960509458354,63.91222955856177,0.0,458.0408172128998,0.0
12,48,1885.7821979917667,2528.337114371964,488.99625784767943,65.41508203547586,0.0,342.21429078227254,2695.434072338203,1878.76691509101,510.5960509458354,63.91222955856177,0.0,458.0408172128998,0.0
12,49,1865.800650017634,2590.625722465784,488.99625784767943,65.41508203547586,0.0,342.21429078227254,2758.717959758679,1869.826966539772,510.5960509458354,63.91222955856177,0.0,458.0408172128998,0.0
13,0,-2017.781399660289,5838.659093423719,335.39038574399785,68.44231727609794,0.0,198.81124789352933,-2350.671889289548,972.7668467795334,325.0693506583749,63.42257094907221,0.0,347.28489635706933,0.0
13,1,-2039.8507294707142,5773.872555656675,335.39038574399785,68.44231727609794,0.0,198.81124789352933,-2364.6314099833417,1034.6340779103152,325.0693506583749,63.42257094907221,0.0,347.28489635706933,0.0
13,2,-2061.92005928114,5709.086017889629,335.39038574399785,68.44231727609794,0.0,198.81124789352933,-2378.5909306771355,1096.501309041098,325.0693506583749,63.42257094907221,0.0,347.28489635706933,0.0
13,3,-2083.989389091565,5644.299480122585,335.39038574399785,68.44231727609794,0.0,198.81124789352933,-2392.5504513709297,1158.3685401718799,325.0693506583749,63.42257094907221,0.0,347.28489635706933,0.0
13,4,-2106.0587189019907,5579.51294235554,335.39038574399785,68.44231727609794,0.0,198.81124789352933,-2406.5099720647236,1220.2357713026622,325.0693506583749,63.42257094907221,0.0,347.28489635706933,0.0
13,5,-2128.128048712416,5514.726404588495,335.39038574399785,68.44231727609794,0.0,198.81124789352933,-2420.469492758518,1282.1030024334448,325.0693506583749,63.42257094907221,0.0,347.28489635706933,0.0
13,6,-2150.1973785228415,5449.939866821451,335.39038574399785,68.44231727609794,0.0,198.81124789352933,-2434.4290134523117,1343.970233564227,325.0693506583749,63.42257094907221,0.0,347.28489635706933,0.0
13,7,-2172.266708333267,5385.153329054406,335.39038574399785,68.44231727609794,0.0,198.81124789352933,-2448.3885341461055,1405.8374646950092,325.0693506583749,63.42257094907221,0.0,347.28489635706933,0.0
13,8,-2194.3360381436923,5320.366791287361,335.39038574399785,68.44231727609794,0.0,198.81124789352933,-2462.3480548398993,1467.7046958257915,325.0693506583749,63.42257094907221,0.0,347.28489635706933,0.0
13,9,-2216.405367954118,5255.580253520316,335.39038574399785,68.44231727609794,0.0,198.81124789352933,-2476.3075755336936,1529.5719269565739,325.0693506583749,63.42257094907221,0.0,347.28489635706933,0.0
13,10,-2238.474697764543,5190.7937157532715,335.39038574399785,68.44231727609794,0.0,198.81124789352933,-2490.2670962274874,1591.4391580873562,325.0693506583749,63.42257094907221,0.0,347.28489635706933,0.0
13,11,-2260.544027574969,5126.007177986226,335.39038574399785,68.44231727609794,0.0,198.81124789352933,-2504.2266169212817,1653.3063892181385,325.0693506583749,63.42257094907221,0.0,347.28489635706933,0.0
13,12,-2282.613357385394,5061.220640219181,335.39038574399785,68.44231727609794,0.0,198.81124789352933,-2518.1861376150755,1715.1736203489206,325.0693506583749,63.42257094907221,0.0,347.28489635706933,0.0
13,13,-2304.6826871958197,4996.434102452137,335.39038574399785,68.44231727609794,0.0,198.81124789352933,-2532.1456583088693,1777.040851479703,325.0693506583749,63.42257094907221,0.0,347.28489635706933,0.0
13,14,-2326.752017006245,4931.647564685092,335.39038574399785,68.44231727609794,0.0,198.81124789352933,-2546.1051790026636,1838.908082610485,325.0693506583749,63.42257094907221,0.0,347.28489635706933,0.0
13,15,-2348.8213468166705,4866.861026918047,335.39038574399785,68.44231727609794,0.0,198.81124789352933,-2560.0646996964574,1900.7753137412676,325.0693506583749,63.42257094907221,0.0,347.28489635706933,0.0
13,16,-2370.8906766270957,4802.074489151002,335.39038574399785,68.44231727609794,0.0,198.81124789352933,-2574.0242203902517,1962.64254487205,325.0693506583749,63.42257094907221,0.0,347.28489635706933,0.0
13,17,-2392.9600064375213,4737.287951383958,335.39038574399785,68.44231727609794,0.0,198.81124789352933,-2587.9837410840455,2024.509776002832,325.0693506583749,63.42257094907221,0.0,347.28489635706933,0.0
13,18,-2415.029336247947,4672.501413616913,335.39038574399785,68.44231727609794,0.0,198.81124789352933,-2601.9432617778393,2086.3770071336144,325.0693506583749,63.42257094907221,0.0,347.28489635706933,0.0
13,19,-2437.098666058372,4607.714875849868,335.39038574399785,68.44231727609794,0.0,198.81124789352933,-2615.9027824716336,2148.2442382643967,325.0693506583749,63.42257094907221,0.0,347.28489635706933,0.0
13,20,-2459.1679958687973,4542.928338082824,335.39038574399785,68.44231727609794,0.0,198.81124789352933,-2629.8623031654274,2210.1114693951786,325.0693506583749,63.42257094907221,0.0,347.28489635706933,0.0
13,21,-2481.237325679223,4478.141800315779,335.39038574399785,68.44231727609794,0.0,198.81124789352933,-2643.8218238592212,2271.9787005259614,325.0693506583749,63.42257094907221,0.0,347.28489635706933,0.0
13,22,-2503.3066554896486,4413.355262548734,335.39038574399785,68.44231727609794,0.0,198.81124789352933,-2657.7813445530155,2333.8459316567432,325.0693506583749,63.42257094907221,0.0,347.28489635706933,0.0
13,23,-2525.375985300074,4348.5687247816895,335.39038574399785,68.44231727609794,0.0,198.81124789352933,-2671.7408652468093,2395.7131627875256,325.0693506583749,63.42257094907221,0.0,347.28489635706933,0.0
13,24,-2547.4453151104995,4283.7821870146445,335.39038574399785,68.44231727609794,0.0,198.81124789352933,-2685.7003859406036,2457.580393918308,325.0693506583749,63.42257094907221,0.0,347.28489635706933,0.0
13,25,-2569.5146449209246,4218.995649247599,335.39038574399785,68.44231727609794,0.0,198.81124789352933,-2699.6599066343974,2519.44762504909,325.0693506583749,63.42257094907221,0.0,347.28489635706933,0.0
13,26,-2591.5839747313503,4154.209111480554,335.39038574399785,68.44231727609794,0.0,198.81124789352933,-2713.6194273281913,2581.3148561798725,325.0693506583749,63.42257094907221,0.0,347.28489635706933,0.0
13,27,-2613.6533045417755,4089.42257371351,335.39038574399785,68.44231727609794,0.0,198.81124789352933,-2727.5789480219855,2643.182087310655,325.0693506583749,63.42257094907221,0.0,347.28489635706933,0.0
13,28,-2635.722634352201,4024.636035946465,335.39038574399785,68.44231727609794,0.0,198.81124789352933,-2741.5384687157793,2705.049318441437,325.0693506583749,63.42257094907221,0.0,347.28489635706933,0.0
13,29,-2657.7919641626268,3959.84949817942,335.39038574399785,68.44231727609794,0.0,198.81124789352933,-2755.4979894095736,2766.9165495722195,325.0693506583749,63.42257094907221,0.0,347.28489635706933,0.0
13,30,-2679.861293973052,3895.0629604123756,335.39038574399785,68.44231727609794,0.0,198.81124789352933,-2769.4575101033674,2828.783780703002,325.0693506583749,63.42257094907221,0.0,347.28489635706933,0.0
13,31,-2701.9306237834776,3830.276422645331,335.39038574399785,68.44231727609794,0.0,198.81124789352933,-2783.4170307971613,2890.6510118337837,325.0693506583749,63.42257094907221,0.0,347.28489635706933,0.0
13,32,-2723.999953593903,3765.489884878286,335.39038574399785,68.44231727609794,0.0,198.81124789352933,-2797.3765514909555,2952.518242964566,325.0693506583749,63.42257094907221,0.0,347.28489635706933,0.0
13,33,-2746.0692834043284,3700.7033471112413,335.39038574399785,68.44231727609794,0.0,198.81124789352933,-2811.3360721847494,3014.3854740953484,325.0693506583749,63.42257094907221,0.0,347.28489635706933,0.0
13,34,-2768.1386132147536,3635.9168093441963,335.39038574399785,68.44231727609794,0.0,198.81124789352933,-2825.295592878543,3076.2527052261307,325.0693506583749,63.42257094907221,0.0,347.28489635706933,0.0
13,35,-2790.2079430251792,3571.1302715771517,335.39038574399785,68.44231727609794,0.0,198.81124789352933,-2839.2551135723375,3138.119936356913,325.0693506583749,63.42257094907221,0.0,347.28489635706933,0.0
13,36,-2812.2772728356044,3506.3437338101066,335.39038574399785,68.44231727609794,0.0,198.81124789352933,-2853.2146342661313,3199.9871674876954,325.0693506583749,63.42257094907221,0.0,347.28489635706933,0.0
13,37,-2834.34660264603,3441.557196043062,335.39038574399785,68.44231727609794,0.0,198.81124789352933,-2867.1741549599255,3261.8543986184777,325.0693506583749,63.42257094907221,0.0,347.28489635706933,0.0
13,38,-2856.4159324564553,3376.770658276017,335.39038574399785,68.44231727609794,0.0,198.81124789352933,-2881.1336756537194,3323.72162974926,325.0693506583749,63.42257094907221,0.0,347.28489635706933,0.0
13,39,-2878.485262266881,3311.9841205089724,335.39038574399785,68.44231727609794,0.0,198.81124789352933,-2895.093196347513,3385.5888608800424,325.0693506583749,63.42257094907221,0.0,347.28489635706933,0.0
13,40,-2900.5545920773066,3247.197582741928,335.39038574399785,68.44231727609794,0.0,198.81124789352933,-2909.0527170413075,3447.4560920108242,325.0693506583749,63.42257094907221,0.0,347.28489635706933,0.0
13,41,-2922.6239218877317,3182.4110449748828,335.39038574399785,68.44231727609794,0.0,198.81124789352933,-2923.0122377351013,3509.3233231416066,325.0693506583749,63.42257094907221,0.0,347.28489635706933,0.0
13,42,-2944.6932516981574,3117.624507207838,335.39038574399785,68.44231727609794,0.0,198.81124789352933,-2936.971758428895,3571.190554272389,325.0693506583749,63.42257094907221,0.0,347.28489635706933,0.0
13,43,-2966.7625815085826,3052.837969440793,335.39038574399785,68.44231727609794,0.0,198.81124789352933,-2950.9312791226894,3633.0577854031712,325.0693506583749,63.42257094907221,0.0,347.28489635706933,0.0
13,44,-2988.831911319008,2988.0514316737485,335.39038574399785,68.44231727609794,0.0,198.81124789352933,-2964.890799816483,3694.9250165339536,325.0693506583749,63.42257094907221,0.0,347.28489635706933,0.0
13,45,-3010.9012411294334,2923.2648939067035,335.39038574399785,68.44231727609794,0.0,198.81124789352933,-2978.8503205102775,3756.792247664736,325.0693506583749,63.42257094907221,0.0,347.28489635706933,0.0
13,46,-3032.970570939859,2858.478356139659,335.39038574399785,68.44231727609794,0.0,198.81124789352933,-2992.8098412040713,3818.659478795518,325.0693506583749,63.42257094907221,0.0,347.28489635706933,0.0
13,47,-3055.0399007502842,2793.691818372614,335.39038574399785,68.44231727609794,0.0,198.81124789352933,-3006.769361897865,3880.5267099263,325.0693506583749,63.42257094907221,0.0,347.28489635706933,0.0
13,48,-3077.10923056071,2728.9052806055693,335.39038574399785,68.44231727609794,0.0,198.81124789352933,-3020.7288825916594,3942.393941057083,325.0693506583749,63.42257094907221,0.0,347.28489635706933,0.0
13,49,-3099.178560371135,2664.1187428385247,335.39038574399785,68.44231727609794,0.0,198.81124789352933,-3034.688403285453,4004.2611721878648,325.0693506583749,63.42257094907221,0.0,347.28489635706933,0.0
14,0,-376.9044845641863,1710.9063652841996,437.1415984105338,65.43822549554932,0.0,151.8803390475199,1952.8117366525482,-2953.3171117966613,434.94202295979545,68.77297003055082,0.0,334.97062737382277,0.0
14,1,-346.0624965090142,1653.1921284893588,437.1415984105338,65.43822549554932,0.0,151.8803390475199,1923.7150742771264,-2891.002541707205,434.94202295979545,68.77297003055082,0.0,334.97062737382277,0.0
14,2,-315.22050845384206,1595.477891694518,437.1415984105338,65.43822549554932,0.0,151.8803390475199,1894.6184119017041,-2828.6879716177486,434.94202295979545,68.77297003055082,0.0,334.97062737382277,0.0
14,3,-284.37852039866993,1537.763654899677,437.1415984105338,65.43822549554932,0.0,151.8803390475199,1865.5217495262823,-2766.3734015282926,434.94202295979545,68.77297003055082,0.0,334.97062737382277,0.0
14,4,-253.53653234349758,1480.0494181048357,437.1415984105338,65.43822549554932,0.0,151.8803390475199,1836.4250871508602,-2704.0588314388365,434.94202295979545,68.77297003055082,0.0,334.97062737382277,0.0
14,5,-222.6945442883257,1422.335181309995,437.1415984105338,65.43822549554932,0.0,151.8803390475199,1807.3284247754382,-2641.7442613493804,434.94202295979545,68.77297003055082,0.0,334.97062737382277,0.0
14,6,-191.85255623315334,1364.620944515154,437.1415984105338,65.43822549554932,0.0,151.8803390475199,1778.2317624000161,-2579.429691259924,434.94202295979545,68.77297003055082,0.0,334.97062737382277,0.0
14,7,-161.0105681779812,1306.9067077203129,437.1415984105338,65.43822549554932,0.0,151.8803390475199,1749.135100024594,-2517.1151211704682,434.94202295979545,68.77297003055082,0.0,334.97062737382277,0.0
14,8,-130.16858012280898,1249.1924709254718,437.1415984105338,65.43822549554932,0.0,151.8803390475199,1720.0384376491722,-2454.800551081012,434.94202295979545,68.77297003055082,0.0,334.97062737382277,0.0
14,9,-99.32659206763685,1191.4782341306309,437.1415984105338,65.43822549554932,0.0,151.8803390475199,1690.9417752737502,-2392.485980991556,434.94202295979545,68.77297003055082,0.0,334.97062737382277,0.0
14,10,-68.48460401246473,1133.76399733579,437.1415984105338,65.43822549554932,0.0,151.8803390475199,1661.845112898328,-2330.1714109020995,434.94202295979545,68.77297003055082,0.0,334.97062737382277,0.0
14,11,-37.64261595729249,1076.049760540949,437.1415984105338,65.43822549554932,0.0,151.8803390475199,1632.748450522906,-2267.8568408126434,434.94202295979545,68.77297003055082,0.0,334.97062737382277,0.0
14,12,-6.8006279021202545,1018.3355237461078,437.1415984105338,65.43822549554932,0.0,151.8803390475199,1603.6517881474842,-2205.5422707231874,434.94202295979545,68.77297003055082,0.0,334.97062737382277,0.0
14,13,24.04136015305187,960.6212869512669,437.1415984105338,65.43822549554932,0.0,151.8803390475199,1574.5551257720622,-2143.227700633731,434.94202295979545,68.77297003055082,0.0,334.97062737382277,0.0
14,14,54.88334820822399,902.9070501564261,437.1415984105338,65.43822549554932,0.0,151.8803390475199,1545.4584633966401,-2080.913130544275,434.94202295979545,68.77297003055082,0.0,334.97062737382277,0.0
14,15,85.72533626339623,845.192813361585,437.1415984105338,65.43822549554932,0.0,151.8803390475199,1516.361801021218,-2018.5985604548189,434.94202295979545,68.77297003055082,0.0,334.97062737382277,0.0
14,16,116.56732431856847,787.4785765667439,437.1415984105338,65.43822549554932,0.0,151.8803390475199,1487.265138645796,-1956.2839903653628,434.94202295979545,68.77297003055082,0.0,334.97062737382277,0.0
14,17,147.4093123737406,729.764339771903,437.1415984105338,65.43822549554932,0.0,151.8803390475199,1458.168476270374,-1893.9694202759065,434.94202295979545,68.77297003055082,0.0,334.97062737382277,0.0
14,18,178.2513004289127,672.0501029770621,437.1415984105338,65.43822549554932,0.0,151.8803390475199,1429.071813894952,-1831.6548501864504,434.94202295979545,68.77297003055082,0.0,334.97062737382277,0.0
14,19,209.09328848408495,614.335866182221,437.1415984105338,65.43822549554932,0.0,151.8803390475199,1399.9751515195298,-1769.3402800969943,434.94202295979545,68.77297003055082,0.0,334.97062737382277,0.0
14,20,239.93527653925707,556.6216293873799,437.1415984105338,65.43822549554932,0.0,151.8803390475199,1370.878489144108,-1707.0257100075382,434.94202295979545,68.77297003055082,0.0,334.97062737382277,0.0
14,21,270.7772645944292,498.90739259253905,437.1415984105338,65.43822549554932,0.0,151.8803390475199,1341.781826768686,-1644.711139918082,434.94202295979545,68.77297003055082,0.0,334.97062737382277,0.0
14,22,301.6192526496013,441.19315579769807,437.1415984105338,65.43822549554932,0.0,151.8803390475199,1312.685164393264,-1582.3965698286258,434.94202295979545,68.77297003055082,0.0,334.97062737382277,0.0
14,23,332.46124070477356,383.47891900285697,437.1415984105338,65.43822549554932,0.0,151.8803390475199,1283.588502017842,-1520.0819997391698,434.94202295979545,68.77297003055082,0.0,334.97062737382277,0.0
14,24,363.30322875994574,325.764682208016,437.1415984105338,65.43822549554932,0.0,151.8803390475199,1254.49183964242,-1457.7674296497137,434.94202295979545,68.77297003055082,0.0,334.97062737382277,0.0
14,25,394.1452168151179,268.050445413175,437.1415984105338,65.43822549554932,0.0,151.8803390475199,1225.395177266998,-1395.4528595602574,434.94202295979545,68.77297003055082,0.0,334.97062737382277,0.0
14,26,424.9872048702901,210.336208618334,437.1415984105338,65.43822549554932,0.0,151.8803390475199,1196.298514891576,-1333.1382894708013,434.94202295979545,68.77297003055082,0.0,334.97062737382277,0.0
14,27,455.8291929254623,152.62197182349303,437.1415984105338,65.43822549554932,0.0,151.8803390475199,1167.2018525161538,-1270.8237193813452,434.94202295979545,68.77297003055082,0.0,334.97062737382277,0.0
14,28,486.67118098063446,94.90773502865204,437.1415984105338,65.43822549554932,0.0,151.8803390475199,1138.1051901407318,-1208.5091492918891,434.94202295979545,68.77297003055082,0.0,334.97062737382277,0.0
14,29,517.5131690358066,37.193498233811056,437.1415984105338,65.43822549554932,0.0,151.8803390475199,1109.0085277653097,-1146.194579202433,434.94202295979545,68.77297003055082,0.0,334.97062737382277,0.0
14,30,548.3551570909788,-20.52073856102993,437.1415984105338,65.43822549554932,0.0,151.8803390475199,1079.911865389888,-1083.8800091129767,434.94202295979545,68.77297003055082,0.0,334.97062737382277,0.0
14,31,579.1971451461509,-78.23497535587097,437.1415984105338,65.43822549554932,0.0,151.8803390475199,1050.8152030144659,-1021.5654390235206,434.94202295979545,68.77297003055082,0.0,334.97062737382277,0.0
14,32,610.0391332013231,-135.94921215071196,437.1415984105338,65.43822549554932,0.0,151.8803390475199,1021.7185406390438,-959.2508689340644,434.94202295979545,68.77297003055082,0.0,334.97062737382277,0.0
14,33,640.8811212564954,-193.66344894555294,437.1415984105338,65.43822549554932,0.0,151.8803390475199,992.6218782636219,-896.9362988446082,434.94202295979545,68.77297003055082,0.0,334.97062737382277,0.0
14,34,671.7231093116675,-251.37768574039393,437.1415984105338,65.43822549554932,0.0,151.8803390475199,963.5252158881998,-834.6217287551522,434.94202295979545,68.77297003055082,0.0,334.97062737382277,0.0
14,35,702.5650973668396,-309.09192253523497,437.1415984105338,65.43822549554932,0.0,151.8803390475199,934.4285535127779,-772.3071586656961,434.94202295979545,68.77297003055082,0.0,334.97062737382277,0.0
14,36,733.4070854220118,-366.80615933007596,437.1415984105338,65.43822549554932,0.0,151.8803390475199,905.3318911373558,-709.9925885762399,434.94202295979545,68.77297003055082,0.0,334.97062737382277,0.0
14,37,764.249073477184,-424.52039612491694,437.1415984105338,65.43822549554932,0.0,151.8803390475199,876.2352287619339,-647.6780184867838,434.94202295979545,68.77297003055082,0.0,334.97062737382277,0.0
14,38,795.0910615323562,-482.2346329197579,437.1415984105338,65.43822549554932,0.0,151.8803390475199,847.1385663865118,-585.3634483973276,434.94202295979545,68.77297003055082,0.0,334.97062737382277,0.0
14,39,825.9330495875283,-539.9488697145989,437.1415984105338,65.43822549554932,0.0,151.8803390475199,818.0419040110897,-523.0488783078715,434.94202295979545,68.77297003055082,0.0,334.97062737382277,0.0
14,40,856.7750376427005,-597.6631065094399,437.1415984105338,65.43822549554932,0.0,151.8803390475199,788.9452416356678,-460.7343082184154,434.94202295979545,68.77297003055082,0.0,334.97062737382277,0.0
14,41,887.6170256978727,-655.3773433042809,437.1415984105338,65.43822549554932,0.0,151.8803390475199,759.8485792602457,-398.41973812895924,434.94202295979545,68.77297003055082,0.0,334.97062737382277,0.0
14,42,918.4590137530448,-713.0915800991219,437.1415984105338,65.43822549554932,0.0,151.8803390475199,730.7519168848238,-336.10516803950304,434.94202295979545,68.77297003055082,0.0,334.97062737382277,0.0
14,43,949.301001808217,-770.8058168939629,437.1415984105338,65.43822549554932,0.0,151.8803390475199,701.6552545094017,-273.79059795004696,434.94202295979545,68.77297003055082,0.0,334.97062737382277,0.0
14,44,980.1429898633892,-828.520053688804,437.1415984105338,65.43822549554932,0.0,151.8803390475199,672.5585921339798,-211.47602786059082,434.94202295979545,68.77297003055082,0.0,334.97062737382277,0.0
14,45,1010.9849779185613,-886.2342904836448,437.1415984105338,65.43822549554932,0.0,151.8803390475199,643.4619297585577,-149.16145777113468,434.94202295979545,68.77297003055082,0.0,334.97062737382277,0.0
14,46,1041.8269659737334,-943.9485272784859,437.1415984105338,65.43822549554932,0.0,151.8803390475199,614.3652673831357,-86.84688768167854,434.94202295979545,68.77297003055082,0.0,334.97062737382277,0.0
14,47,1072.6689540289058,-1001.6627640733268,437.1415984105338,65.43822549554932,0.0,151.8803390475199,585.2686050077137,-24.532317592222398,434.94202295979545,68.77297003055082,0.0,334.97062737382277,0.0
14,48,1103.510942084078,-1059.377000868168,437.1415984105338,65.43822549554932,0.0,151.8803390475199,556.1719426322917,37.7822524972338,434.94202295979545,68.77297003055082,0.0,334.97062737382277,0.0
14,49,1134.35293013925,-1117.091237663009,437.1415984105338,65.43822549554932,0.0,151.8803390475199,527.0752802568697,100.09682258668988,434.94202295979545,68.77297003055082,0.0,334.97062737382277,0.0
15,0,-4283.084587262363,-220.60818727595824,-77.07408115831424,69.99795464339141,0.0,36.73713216844933,-976.7910610871397,3651.4637974439493,-82.8333960652357,61.90407606874737,0.0,224.81332642638472,0.0
15,1,-4241.2156862264455,-164.51265465255938,-77.07408115831424,69.99795464339141,0.0,36.73713216844933,-1020.4210062325678,3607.5486232950043,-82.8333960652357,61.90407606874737,0.0,224.81332642638472,0.0
15,2,-4199.346785190528,-108.41712202916005,-77.07408115831424,69.99795464339141,0.0,36.73713216844933,-1064.0509513779957,3563.6334491460584,-82.8333960652357,61.90407606874737,0.0,224.81332642638472,0.0
15,3,-4157.47788415461,-52.32158940576119,-77.07408115831424,69.99795464339141,0.0,36.73713216844933,-1107.6808965234234,3519.7182749971134,-82.8333960652357,61.90407606874737,0.0,224.81332642638472,0.0
15,4,-4115.608983118693,3.773943217637907,-77.07408115831424,69.99795464339141,0.0,36.73713216844933,-1151.3108416688515,3475.8031008481676,-82.8333960652357,61.90407606874737,0.0,224.81332642638472,0.0
15,5,-4073.740082082775,59.86947584103655,-77.07408115831424,69.99795464339141,0.0,36.73713216844933,-1194.9407868142794,3431.8879266992226,-82.8333960652357,61.90407606874737,0.0,224.81332642638472,0.0
15,6,-4031.8711810468576,115.96500846443564,-77.07408115831424,69.99795464339141,0.0,36.73713216844933,-1238.5707319597075,3387.9727525502767,-82.8333960652357,61.90407606874737,0.0,224.81332642638472,0.0
15,7,-3990.00228001094,172.06054108783474,-77.07408115831424,69.99795464339141,0.0,36.73713216844933,-1282.2006771051354,3344.0575784013313,-82.8333960652357,61.90407606874737,0.0,224.81332642638472,0.0
15,8,-3948.1333789750224,228.15607371123383,-77.07408115831424,69.99795464339141,0.0,36.73713216844933,-1325.8306222505632,3300.142404252386,-82.8333960652357,61.90407606874737,0.0,224.81332642638472,0.0
15,9,-3906.264477939105,284.2516063346329,-77.07408115831424,69.99795464339141,0.0,36.73713216844933,-1369.4605673959913,3256.22723010344,-82.8333960652357,61.90407606874737,0.0,224.81332642638472,0.0
15,10,-3864.3955769031872,340.3471389580318,-77.07408115831424,69.99795464339141,0.0,36.73713216844933,-1413.0905125414192,3212.312055954495,-82.8333960652357,61.90407606874737,0.0,224.81332642638472,0.0
15,11,-3822.5266758672697,396.44267158143066,-77.07408115831424,69.99795464339141,0.0,36.73713216844933,-1456.7204576868473,3168.396881805549,-82.8333960652357,61.90407606874737,0.0,224.81332642638472,0.0
15,12,-3780.657774831352,452.53820420482975,-77.07408115831424,69.99795464339141,0.0,36.73713216844933,-1500.3504028322752,3124.4817076566037,-82.8333960652357,61.90407606874737,0.0,224.81332642638472,0.0
15,13,-3738.7888737954345,508.6337368282286,-77.07408115831424,69.99795464339141,0.0,36.73713216844933,-1543.9803479777029,3080.5665335076583,-82.8333960652357,61.90407606874737,0.0,224.81332642638472,0.0
15,14,-3696.919972759517,564.7292694516275,-77.07408115831424,69.99795464339141,0.0,36.73713216844933,-1587.610293123131,3036.6513593587133,-82.8333960652357,61.90407606874737,0.0,224.81332642638472,0.0
15,15,-3655.0510717235993,620.8248020750266,-77.07408115831424,69.99795464339141,0.0,36.73713216844933,-1631.2402382685589,2992.7361852097674,-82.8333960652357,61.90407606874737,0.0,224.81332642638472,0.0
15,16,-3613.1821706876817,676.9203346984257,-77.07408115831424,69.99795464339141,0.0,36.73713216844933,-1674.870183413987,2948.821011060822,-82.8333960652357,61.90407606874737,0.0,224.81332642638472,0.0
15,17,-3571.313269651764,733.0158673218245,-77.07408115831424,69.99795464339141,0.0,36.73713216844933,-1718.5001285594149,2904.9058369118766,-82.8333960652357,61.90407606874737,0.0,224.81332642638472,0.0
15,18,-3529.4443686158465,789.1113999452236,-77.07408115831424,69.99795464339141,0.0,36.73713216844933,-1762.1300737048427,2860.990662762931,-82.8333960652357,61.90407606874737,0.0,224.81332642638472,0.0
15,19,-3487.575467579929,845.2069325686227,-77.07408115831424,69.99795464339141,0.0,36.73713216844933,-1805.7600188502706,2817.0754886139857,-82.8333960652357,61.90407606874737,0.0,224.81332642638472,0.0
15,20,-3445.7065665440114,901.3024651920216,-77.07408115831424,69.99795464339141,0.0,36.73713216844933,-1849.3899639956987,2773.16031446504,-82.8333960652357,61.90407606874737,0.0,224.81332642638472,0.0
15,21,-3403.837665508094,957.3979978154207,-77.07408115831424,69.99795464339141,0.0,36.73713216844933,-1893.0199091411264,2729.245140316095,-82.8333960652357,61.90407606874737,0.0,224.81332642638472,0.0
15,22,-3361.9687644721766,1013.4935304388196,-77.07408115831424,69.99795464339141,0.0,36.73713216844933,-1936.6498542865545,2685.329966167149,-82.8333960652357,61.90407606874737,0.0,224.81332642638472,0.0
15,23,-3320.0998634362586,1069.5890630622187,-77.07408115831424,69.99795464339141,0.0,36.73713216844933,-1980.2797994319826,2641.4147920182036,-82.8333960652357,61.90407606874737,0.0,224.81332642638472,0.0
15,24,-3278.230962400341,1125.6845956856178,-77.07408115831424,69.99795464339141,0.0,36.73713216844933,-2023.9097445774105,2597.499617869258,-82.8333960652357,61.90407606874737,0.0,224.81332642638472,0.0
15,25,-3236.362061364424,1181.7801283090166,-77.07408115831424,69.99795464339141,0.0,36.73713216844933,-2067.5396897228384,2553.5844437203127,-82.8333960652357,61.90407606874737,0.0,224.81332642638472,0.0
15,26,-3194.4931603285063,1237.8756609324155,-77.07408115831424,69.99795464339141,0.0,36.73713216844933,-2111.1696348682663,2509.6692695713673,-82.8333960652357,61.90407606874737,0.0,224.81332642638472,0.0
15,27,-3152.6242592925887,1293.9711935558146,-77.07408115831424,69.99795464339141,0.0,36.73713216844933,-2154.799580013694,2465.754095422422,-82.8333960652357,61.90407606874737,0.0,224.81332642638472,0.0
15,28,-3110.755358256671,1350.0667261792137,-77.07408115831424,69.99795464339141,0.0,36.73713216844933,-2198.429525159122,2421.8389212734764,-82.8333960652357,61.90407606874737,0.0,224.81332642638472,0.0
15,29,-3068.8864572207535,1406.1622588026125,-77.07408115831424,69.99795464339141,0.0,36.73713216844933,-2242.05947030455,2377.923747124531,-82.8333960652357,61.90407606874737,0.0,224.81332642638472,0.0
15,30,-3027.017556184836,1462.2577914260116,-77.07408115831424,69.99795464339141,0.0,36.73713216844933,-2285.689415449978,2334.0085729755856,-82.8333960652357,61.90407606874737,0.0,224.81332642638472,0.0
15,31,-2985.1486551489184,1518.3533240494107,-77.07408115831424,69.99795464339141,0.0,36.73713216844933,-2329.319360595406,2290.0933988266397,-82.8333960652357,61.90407606874737,0.0,224.81332642638472,0.0
15,32,-2943.2797541130008,1574.4488566728096,-77.07408115831424,69.99795464339141,0.0,36.73713216844933,-2372.949305740834,2246.1782246776943,-82.8333960652357,61.90407606874737,0.0,224.81332642638472,0.0
15,33,-2901.410853077083,1630.5443892962085,-77.07408115831424,69.99795464339141,0.0,36.73713216844933,-2416.579250886262,2202.263050528749,-82.8333960652357,61.90407606874737,0.0,224.81332642638472,0.0
15,34,-2859.5419520411656,1686.6399219196076,-77.07408115831424,69.99795464339141,0.0,36.73713216844933,-2460.2091960316898,2158.3478763798034,-82.8333960652357,61.90407606874737,0.0,224.81332642638472,0.0
15,35,-2817.673051005248,1742.7354545430067,-77.07408115831424,69.99795464339141,0.0,36.73713216844933,-2503.8391411771177,2114.432702230858,-82.8333960652357,61.90407606874737,0.0,224.81332642638472,0.0
15,36,-2775.8041499693304,1798.8309871664055,-77.07408115831424,69.99795464339141,0.0,36.73713216844933,-2547.4690863225455,2070.5175280819126,-82.8333960652357,61.90407606874737,0.0,224.81332642638472,0.0
15,37,-2733.935248933413,1854.9265197898046,-77.07408115831424,69.99795464339141,0.0,36.73713216844933,-2591.099031467974,2026.602353932967,-82.8333960652357,61.90407606874737,0.0,224.81332642638472,0.0
15,38,-2692.0663478974952,1911.0220524132035,-77.07408115831424,69.99795464339141,0.0,36.73713216844933,-2634.7289766134018,1982.6871797840215,-82.8333960652357,61.90407606874737,0.0,224.81332642638472,0.0
15,39,-2650.1974468615776,1967.1175850366026,-77.07408115831424,69.99795464339141,0.0,36.73713216844933,-2678.3589217588296,1938.772005635076,-82.8333960652357,61.90407606874737,0.0,224.81332642638472,0.0
15,40,-2608.32854582566,2023.2131176600017,-77.07408115831424,69.99795464339141,0.0,36.73713216844933,-2721.9888669042575,1894.8568314861307,-82.8333960652357,61.90407606874737,0.0,224.81332642638472,0.0
15,41,-2566.4596447897425,2079.3086502834008,-77.07408115831424,69.99795464339141,0.0,36.73713216844933,-2765.6188120496854,1850.9416573371852,-82.8333960652357,61.90407606874737,0.0,224.81332642638472,0.0
15,42,-2524.590743753825,2135.4041829067996,-77.07408115831424,69.99795464339141,0.0,36.73713216844933,-2809.2487571951133,1807.0264831882396,-82.8333960652357,61.90407606874737,0.0,224.81332642638472,0.0
15,43,-2482.7218427179073,2191.4997155301985,-77.07408115831424,69.99795464339141,0.0,36.73713216844933,-2852.878702340541,1763.1113090392942,-82.8333960652357,61.90407606874737,0.0,224.81332642638472,0.0
15,44,-2440.8529416819897,2247.5952481535974,-77.07408115831424,69.99795464339141,0.0,36.73713216844933,-2896.508647485969,1719.1961348903487,-82.8333960652357,61.90407606874737,0.0,224.81332642638472,0.0
15,45,-2398.984040646072,2303.6907807769967,-77.07408115831424,69.99795464339141,0.0,36.73713216844933,-2940.138592631397,1675.2809607414033,-82.8333960652357,61.90407606874737,0.0,224.81332642638472,0.0
15,46,-2357.1151396101545,2359.7863134003956,-77.07408115831424,69.99795464339141,0.0,36.73713216844933,-2983.7685377768253,1631.3657865924579,-82.8333960652357,61.90407606874737,0.0,224.81332642638472,0.0
15,47,-2315.246238574237,2415.8818460237944,-77.07408115831424,69.99795464339141,0.0,36.73713216844933,-3027.398482922253,1587.4506124435122,-82.8333960652357,61.90407606874737,0.0,224.81332642638472,0.0
15,48,-2273.3773375383194,2471.9773786471933,-77.07408115831424,69.99795464339141,0.0,36.73713216844933,-3071.028428067681,1543.5354382945668,-82.8333960652357,61.90407606874737,0.0,224.81332642638472,0.0
15,49,-2231.5084365024018,2528.0729112705926,-77.07408115831424,69.99795464339141,0.0,36.73713216844933,-3114.658373213109,1499.6202641456214,-82.8333960652357,61.90407606874737,0.0,224.81332642638472,0.0
16,0,5934.388212652596,-2305.2325466228585,-27.189434610788055,68.62798185140903,0.0,243.76726588006298,2011.7271937038245,-5372.3627419670875,1.1720006587349872,62.67138813340731,0.0,398.92905309293235,0.0
16,1,5872.828502334966,-2335.567377405424,-27.189434610788055,68.62798185140903,0.0,243.76726588006298,2051.1072368848636,-5323.609125797333,1.1720006587349872,62.67138813340731,0.0,398.92905309293235,0.0
16,2,5811.268792017337,-2365.902208187989,-27.189434610788055,68.62798185140903,0.0,243.76726588006298,2090.4872800659023,-5274.8555096275795,1.1720006587349872,62.67138813340731,0.0,398.92905309293235,0.0
16,3,5749.709081699708,-2396.2370389705543,-27.189434610788055,68.62798185140903,0.0,243.76726588006298,2129.867323246941,-5226.101893457825,1.1720006587349872,62.67138813340731,0.0,398.92905309293235,0.0
16,4,5688.149371382078,-2426.5718697531192,-27.189434610788055,68.62798185140903,0.0,243.76726588006298,2169.2473664279796,-5177.348277288071,1.1720006587349872,62.67138813340731,0.0,398.92905309293235,0.0
16,5,5626.589661064449,-2456.9067005356846,-27.189434610788055,68.62798185140903,0.0,243.76726588006298,2208.6274096090183,-5128.594661118317,1.1720006587349872,62.67138813340731,0.0,398.92905309293235,0.0
16,6,5565.029950746819,-2487.24153131825,-27.189434610788055,68.62798185140903,0.0,243.76726588006298,2248.007452790057,-5079.841044948563,1.1720006587349872,62.67138813340731,0.0,398.92905309293235,0.0
16,7,5503.470240429189,-2517.5763621008155,-27.189434610788055,68.62798185140903,0.0,243.76726588006298,2287.3874959710956,-5031.087428778808,1.1720006587349872,62.67138813340731,0.0,398.92905309293235,0.0
16,8,5441.91053011156,-2547.9111928833804,-27.189434610788055,68.62798185140903,0.0,243.76726588006298,2326.7675391521348,-4982.333812609055,1.1720006587349872,62.67138813340731,0.0,398.92905309293235,0.0
16,9,5380.350819793931,-2578.246023665946,-27.189434610788055,68.62798185140903,0.0,243.76726588006298,2366.147582333174,-4933.5801964393,1.1720006587349872,62.67138813340731,0.0,398.92905309293235,0.0
16,10,5318.791109476301,-2608.5808544485108,-27.189434610788055,68.62798185140903,0.0,243.76726588006298,2405.527625514212,-4884.826580269546,1.1720006587349872,62.67138813340731,0.0,398.92905309293235,0.0
16,11,5257.231399158672,-2638.915685231076,-27.189434610788055,68.62798185140903,0.0,243.76726588006298,2444.9076686952512,-4836.072964099792,1.1720006587349872,62.67138813340731,0.0,398.92905309293235,0.0
16,12,5195.671688841042,-2669.2505160136416,-27.189434610788055,68.62798185140903,0.0,243.76726588006298,2484.28771187629,-4787.319347930038,1.1720006587349872,62.67138813340731,0.0,398.92905309293235,0.0
16,13,5134.111978523412,-2699.585346796207,-27.189434610788055,68.62798185140903,0.0,243.76726588006298,2523.6677550573286,-4738.565731760284,1.1720006587349872,62.67138813340731,0.0,398.92905309293235,0.0
16,14,5072.552268205784,-2729.9201775787724,-27.189434610788055,68.62798185140903,0.0,243.76726588006298,2563.0477982383672,-4689.81211559053,1.1720006587349872,62.67138813340731,0.0,398.92905309293235,0.0
16,15,5010.992557888154,-2760.2550083613373,-27.189434610788055,68.62798185140903,0.0,243.76726588006298,2602.427841419406,-4641.058499420776,1.1720006587349872,62.67138813340731,0.0,398.92905309293235,0.0
16,16,4949.432847570524,-2790.5898391439027,-27.189434610788055,68.62798185140903,0.0,243.76726588006298,2641.8078846004446,-4592.304883251021,1.1720006587349872,62.67138813340731,0.0,398.92905309293235,0.0
16,17,4887.873137252895,-2820.9246699264677,-27.189434610788055,68.62798185140903,0.0,243.76726588006298,2681.1879277814833,-4543.551267081268,1.1720006587349872,62.67138813340731,0.0,398.92905309293235,0.0
16,18,4826.313426935265,-2851.259500709033,-27.189434610788055,68.62798185140903,0.0,243.76726588006298,2720.5679709625224,-4494.797650911513,1.1720006587349872,62.67138813340731,0.0,398.92905309293235,0.0
16,19,4764.753716617635,-2881.5943314915985,-27.189434610788055,68.62798185140903,0.0,243.76726588006298,2759.948014143561,-4446.044034741759,1.1720006587349872,62.67138813340731,0.0,398.92905309293235,0.0
16,20,4703.194006300006,-2911.929162274164,-27.189434610788055,68.62798185140903,0.0,243.76726588006298,2799.3280573245997,-4397.290418572005,1.1720006587349872,62.67138813340731,0.0,398.92905309293235,0.0
16,21,4641.634295982377,-2942.2639930567293,-27.189434610788055,68.62798185140903,0.0,243.76726588006298,2838.7081005056384,-4348.536802402251,1.1720006587349872,62.67138813340731,0.0,398.92905309293235,0.0
16,22,4580.074585664747,-2972.5988238392943,-27.189434610788055,68.62798185140903,0.0,243.76726588006298,2878.088143686677,-4299.7831862324965,1.1720006587349872,62.67138813340731,0.0,398.92905309293235,0.0
16,23,4518.514875347118,-3002.9336546218597,-27.189434610788055,68.62798185140903,0.0,243.76726588006298,2917.468186867716,-4251.029570062743,1.1720006587349872,62.67138813340731,0.0,398.92905309293235,0.0
16,24,4456.955165029488,-3033.2684854044246,-27.189434610788055,68.62798185140903,0.0,243.76726588006298,2956.848230048755,-4202.275953892989,1.1720006587349872,62.67138813340731,0.0,398.92905309293235,0.0
16,25,4395.395454711859,-3063.60331618699,-27.189434610788055,68.62798185140903,0.0,243.76726588006298,2996.2282732297936,-4153.522337723234,1.1720006587349872,62.67138813340731,0.0,398.92905309293235,0.0
16,26,4333.83574439423,-3093.9381469695554,-27.189434610788055,68.62798185140903,0.0,243.76726588006298,3035.6083164108322,-4104.768721553481,1.1720006587349872,62.67138813340731,0.0,398.92905309293235,0.0
16,27,4272.2760340766,-3124.272977752121,-27.189434610788055,68.62798185140903,0.0,243.76726588006298,3074.988359591871,-4056.015105383726,1.1720006587349872,62.67138813340731,0.0,398.92905309293235,0.0
16,28,4210.71632375897,-3154.607808534686,-27.189434610788055,68.62798185140903,0.0,243.76726588006298,3114.3684027729096,-4007.261489213972,1.1720006587349872,62.67138813340731,0.0,398.92905309293235,0.0
16,29,4149.156613441341,-3184.942639317251,-27.189434610788055,68.62798185140903,0.0,243.76726588006298,3153.7484459539482,-3958.507873044218,1.1720006587349872,62.67138813340731,0.0,398.92905309293235,0.0
16,30,4087.5969031237114,-3215.2774700998166,-27.189434610788055,68.62798185140903,0.0,243.76726588006298,3193.1284891349874,-3909.754256874464,1.1720006587349872,62.67138813340731,0.0,398.92905309293235,0.0
16,31,4026.0371928060817,-3245.6123008823815,-27.189434610788055,68.62798185140903,0.0,243.76726588006298,3232.508532316026,-3861.0006407047094,1.1720006587349872,62.67138813340731,0.0,398.92905309293235,0.0
16,32,3964.4774824884526,-3275.947131664947,-27.189434610788055,68.62798185140903,0.0,243.76726588006298,3271.8885754970647,-3812.2470245349555,1.1720006587349872,62.67138813340731,0.0,398.92905309293235,0.0
16,33,3902.917772170823,-3306.2819624475123,-27.189434610788055,68.62798185140903,0.0,243.76726588006298,3311.2686186781034,-3763.4934083652015,1.1720006587349872,62.67138813340731,0.0,398.92905309293235,0.0
16,34,3841.3580618531932,-3336.6167932300777,-27.189434610788055,68.62798185140903,0.0,243.76726588006298,3350.648661859142,-3714.739792195447,1.1720006587349872,62.67138813340731,0.0,398.92905309293235,0.0
16,35,3779.798351535564,-3366.9516240126427,-27.189434610788055,68.62798185140903,0.0,243.76726588006298,3390.028705040181,-3665.986176025693,1.1720006587349872,62.67138813340731,0.0,398.92905309293235,0.0
16,36,3718.2386412179344,-3397.286454795208,-27.189434610788055,68.62798185140903,0.0,243.76726588006298,3429.40874822122,-3617.232559855939,1.1720006587349872,62.67138813340731,0.0,398.92905309293235,0.0
16,37,3656.6789309003047,-3427.6212855777735,-27.189434610788055,68.62798185140903,0.0,243.76726588006298,3468.7887914022585,-3568.4789436861847,1.1720006587349872,62.67138813340731,0.0,398.92905309293235,0.0
16,38,3595.1192205826756,-3457.9561163603385,-27.189434610788055,68.62798185140903,0.0,243.76726588006298,3508.168834583297,-3519.7253275164308,1.1720006587349872,62.67138813340731,0.0,398.92905309293235,0.0
16,39,3533.559510265046,-3488.290947142904,-27.189434610788055,68.62798185140903,0.0,243.76726588006298,3547.548877764336,-3470.971711346677,1.1720006587349872,62.67138813340731,0.0,398.92905309293235,0.0
16,40,3471.9997999474162,-3518.6257779254693,-27.189434610788055,68.62798185140903,0.0,243.76726588006298,3586.9289209453746,-3422.2180951769224,1.1720006587349872,62.67138813340731,0.0,398.92905309293235,0.0
16,41,3410.440089629787,-3548.960608708034,-27.189434610788055,68.62798185140903,0.0,243.76726588006298,3626.3089641264137,-3373.4644790071684,1.1720006587349872,62.67138813340731,0.0,398.92905309293235,0.0
16,42,3348.8803793121574,-3579.2954394905996,-27.189434610788055,68.62798185140903,0.0,243.76726588006298,3665.6890073074524,-3324.7108628374144,1.1720006587349872,62.67138813340731,0.0,398.92905309293235,0.0
16,43,3287.3206689945278,-3609.630270273165,-27.189434610788055,68.62798185140903,0.0,243.76726588006298,3705.069050488491,-3275.95724666766,1.1720006587349872,62.67138813340731,0.0,398.92905309293235,0.0
16,44,3225.7609586768986,-3639.96510105573,-27.189434610788055,68.62798185140903,0.0,243.76726588006298,3744.4490936695297,-3227.203630497906,1.1720006587349872,62.67138813340731,0.0,398.92905309293235,0.0
16,45,3164.201248359269,-3670.2999318382954,-27.189434610788055,68.62798185140903,0.0,243.76726588006298,3783.8291368505684,-3178.450014328152,1.1720006587349872,62.67138813340731,0.0,398.92905309293235,0.0
16,46,3102.6415380416393,-3700.634762620861,-27.189434610788055,68.62798185140903,0.0,243.76726588006298,3823.2091800316075,-3129.6963981583976,1.1720006587349872,62.67138813340731,0.0,398.92905309293235,0.0
16,47,3041.08182772401,-3730.969593403426,-27.189434610788055,68.62798185140903,0.0,243.76726588006298,3862.589223212646,-3080.9427819886437,1.1720006587349872,62.67138813340731,0.0,398.92905309293235,0.0
16,48,2979.5221174063804,-3761.304424185991,-27.189434610788055,68.62798185140903,0.0,243.76726588006298,3901.969266393685,-3032.1891658188897,1.1720006587349872,62.67138813340731,0.0,398.92905309293235,0.0
16,49,2917.962407088751,-3791.6392549685565,-27.189434610788055,68.62798185140903,0.0,243.76726588006298,3941.3493095747235,-2983.4355496491353,1.1720006587349872,62.67138813340731,0.0,398.92905309293235,0.0
17,0,-2424.9014925536962,-294.9466670785687,313.13150462374426,63.16633935807069,0.0,126.29042560319422,1846.9209703810816,-2732.868044682294,310.6530726705832,64.75149016200311,0.0,293.19949659940653,0.0
17,1,-2373.9877049566358,-332.3334650214306,313.13150462374426,63.16633935807069,0.0,126.29042560319422,1787.4053633899503,-2707.360241902023,310.6530726705832,64.75149016200311,0.0,293.19949659940653,0.0
17,2,-2323.0739173595757,-369.72026296429226,313.13150462374426,63.16633935807069,0.0,126.29042560319422,1727.889756398819,-2681.8524391217525,310.6530726705832,64.75149016200311,0.0,293.19949659940653,0.0
17,3,-2272.160129762515,-407.10706090715394,313.13150462374426,63.16633935807069,0.0,126.29042560319422,1668.3741494076876,-2656.3446363414814,310.6530726705832,64.75149016200311,0.0,293.19949659940653,0.0
17,4,-2221.2463421654547,-444.4938588500156,313.13150462374426,63.16633935807069,0.0,126.29042560319422,1608.8585424165567,-2630.8368335612104,310.6530726705832,64.75149016200311,0.0,293.19949659940653,0.0
17,5,-2170.3325545683947,-481.8806567928775,313.13150462374426,63.16633935807069,0.0,126.29042560319422,1549.3429354254254,-2605.32903078094,310.6530726705832,64.75149016200311,0.0,293.19949659940653,0.0
17,6,-2119.418766971334,-519.2674547357392,313.13150462374426,63.16633935807069,0.0,126.29042560319422,1489.827328434294,-2579.8212280006687,310.6530726705832,64.75149016200311,0.0,293.19949659940653,0.0
17,7,-2068.5049793742737,-556.6542526786009,313.13150462374426,63.16633935807069,0.0,126.29042560319422,1430.3117214431627,-2554.3134252203977,310.6530726705832,64.75149016200311,0.0,293.19949659940653,0.0
17,8,-2017.5911917772135,-594.0410506214625,313.13150462374426,63.16633935807069,0.0,126.29042560319422,1370.7961144520314,-2528.805622440127,310.6530726705832,64.75149016200311,0.0,293.19949659940653,0.0
17,9,-1966.677404180153,-631.4278485643244,313.13150462374426,63.16633935807069,0.0,126.29042560319422,1311.2805074609003,-2503.297819659856,310.6530726705832,64.75149016200311,0.0,293.19949659940653,0.0
17,10,-1915.7636165830927,-668.8146465071861,313.13150462374426,63.16633935807069,0.0,126.29042560319422,1251.764900469769,-2477.790016879585,310.6530726705832,64.75149016200311,0.0,293.19949659940653,0.0
17,11,-1864.8498289860322,-706.2014444500478,313.13150462374426,63.16633935807069,0.0,126.29042560319422,1192.2492934786378,-2452.282214099314,310.6530726705832,64.75149016200311,0.0,293.19949659940653,0.0
17,12,-1813.936041388972,-743.5882423929096,313.13150462374426,63.16633935807069,0.0,126.29042560319422,1132.7336864875065,-2426.7744113190433,310.6530726705832,64.75149016200311,0.0,293.19949659940653,0.0
17,13,-1763.0222537919115,-780.9750403357713,313.13150462374426,63.16633935807069,0.0,126.29042560319422,1073.2180794963754,-2401.2666085387723,310.6530726705832,64.75149016200311,0.0,293.19949659940653,0.0
17,14,-1712.1084661948512,-818.3618382786331,313.13150462374426,63.16633935807069,0.0,126.29042560319422,1013.702472505244,-2375.7588057585017,310.6530726705832,64.75149016200311,0.0,293.19949659940653,0.0
17,15,-1661.1946785977907,-855.7486362214947,313.13150462374426,63.16633935807069,0.0,126.29042560319422,954.1868655141127,-2350.2510029782306,310.6530726705832,64.75149016200311,0.0,293.19949659940653,0.0
17,16,-1610.2808910007302,-893.1354341643566,313.13150462374426,63.16633935807069,0.0,126.29042560319422,894.6712585229816,-2324.7432001979596,310.6530726705832,64.75149016200311,0.0,293.19949659940653,0.0
17,17,-1559.36710340367,-930.5222321072183,313.13150462374426,63.16633935807069,0.0,126.29042560319422,835.1556515318503,-2299.235397417689,310.6530726705832,64.75149016200311,0.0,293.19949659940653,0.0
17,18,-1508.4533158066095,-967.9090300500801,313.13150462374426,63.16633935807069,0.0,126.29042560319422,775.6400445407191,-2273.727594637418,310.6530726705832,64.75149016200311,0.0,293.19949659940653,0.0
17,19,-1457.5395282095492,-1005.2958279929418,313.13150462374426,63.16633935807069,0.0,126.29042560319422,716.1244375495878,-2248.2197918571474,310.6530726705832,64.75149016200311,0.0,293.19949659940653,0.0
17,20,-1406.6257406124887,-1042.6826259358036,313.13150462374426,63.16633935807069,0.0,126.29042560319422,656.6088305584565,-2222.7119890768763,310.6530726705832,64.75149016200311,0.0,293.19949659940653,0.0
17,21,-1355.7119530154284,-1080.0694238786652,313.13150462374426,63.16633935807069,0.0,126.29042560319422,597.0932235673254,-2197.2041862966053,310.6530726705832,64.75149016200311,0.0,293.19949659940653,0.0
17,22,-1304.7981654183682,-1117.456221821527,313.13150462374426,63.16633935807069,0.0,126.29042560319422,537.5776165761941,-2171.6963835163347,310.6530726705832,64.75149016200311,0.0,293.19949659940653,0.0
17,23,-1253.8843778213077,-1154.8430197643888,313.13150462374426,63.16633935807069,0.0,126.29042560319422,478.0620095850628,-2146.1885807360636,310.6530726705832,64.75149016200311,0.0,293.19949659940653,0.0
17,24,-1202.9705902242472,-1192.2298177072505,313.13150462374426,63.16633935807069,0.0,126.29042560319422,418.5464025939316,-2120.6807779557926,310.6530726705832,64.75149016200311,0.0,293.19949659940653,0.0
17,25,-1152.056802627187,-1229.6166156501122,313.13150462374426,63.16633935807069,0.0,126.29042560319422,359.03079560280025,-2095.172975175522,310.6530726705832,64.75149016200311,0.0,293.19949659940653,0.0
17,26,-1101.1430150301267,-1267.0034135929739,313.13150462374426,63.16633935807069,0.0,126.29042560319422,299.51518861166903,-2069.665172395251,310.6530726705832,64.75149016200311,0.0,293.19949659940653,0.0
17,27,-1050.2292274330662,-1304.3902115358355,313.13150462374426,63.16633935807069,0.0,126.29042560319422,239.9995816205378,-2044.15736961498,310.6530726705832,64.75149016200311,0.0,293.19949659940653,0.0
17,28,-999.3154398360058,-1341.7770094786974,313.13150462374426,63.16633935807069,0.0,126.29042560319422,180.4839746294066,-2018.6495668347093,310.6530726705832,64.75149016200311,0.0,293.19949659940653,0.0
17,29,-948.4016522389454,-1379.163807421559,313.13150462374426,63.16633935807069,0.0,126.29042560319422,120.96836763827537,-1993.1417640544382,310.6530726705832,64.75149016200311,0.0,293.19949659940653,0.0
17,30,-897.487864641885,-1416.5506053644208,313.13150462374426,63.16633935807069,0.0,126.29042560319422,61.45276064714409,-1967.6339612741674,310.6530726705832,64.75149016200311,0.0,293.19949659940653,0.0
17,31,-846.5740770448247,-1453.9374033072827,313.13150462374426,63.16633935807069,0.0,126.29042560319422,1.9371536560128675,-1942.1261584938966,310.6530726705832,64.75149016200311,0.0,293.19949659940653,0.0
17,32,-795.6602894477643,-1491.3242012501444,313.13150462374426,63.16633935807069,0.0,126.29042560319422,-57.578453335118354,-1916.6183557136255,310.6530726705832,64.75149016200311,0.0,293.19949659940653,0.0
17,33,-744.7465018507039,-1528.710999193006,313.13150462374426,63.16633935807069,0.0,126.29042560319422,-117.09406032624963,-1891.1105529333547,310.6530726705832,64.75149016200311,0.0,293.19949659940653,0.0
17,34,-693.8327142536435,-1566.097797135868,313.13150462374426,63.16633935807069,0.0,126.29042560319422,-176.60966731738085,-1865.602750153084,310.6530726705832,64.75149016200311,0.0,293.19949659940653,0.0
17,35,-642.9189266565832,-1603.4845950787296,313.13150462374426,63.16633935807069,0.0,126.29042560319422,-236.12527430851213,-1840.094947372813,310.6530726705832,64.75149016200311,0.0,293.19949659940653,0.0
17,36,-592.0051390595228,-1640.8713930215913,313.13150462374426,63.16633935807069,0.0,126.29042560319422,-295.6408812996434,-1814.587144592542,310.6530726705832,64.75149016200311,0.0,293.19949659940653,0.0
17,37,-541.0913514624624,-1678.258190964453,313.13150462374426,63.16633935807069,0.0,126.29042560319422,-355.15648829077463,-1789.0793418122712,310.6530726705832,64.75149016200311,0.0,293.19949659940653,0.0
17,38,-490.177563865402,-1715.6449889073149,313.13150462374426,63.16633935807069,0.0,126.29042560319422,-414.67209528190585,-1763.5715390320004,310.6530726705832,64.75149016200311,0.0,293.19949659940653,0.0
17,39,-439.26377626834164,-1753.0317868501766,313.13150462374426,63.16633935807069,0.0,126.29042560319422,-474.18770227303713,-1738.0637362517296,310.6530726705832,64.75149016200311,0.0,293.19949659940653,0.0
17,40,-388.34998867128127,-1790.4185847930382,313.13150462374426,63.16633935807069,0.0,126.29042560319422,-533.7033092641684,-1712.5559334714585,310.6530726705832,64.75149016200311,0.0,293.19949659940653,0.0
17,41,-337.4362010742209,-1827.8053827359001,313.13150462374426,63.16633935807069,0.0,126.29042560319422,-593.2189162552996,-1687.0481306911877,310.6530726705832,64.75149016200311,0.0,293.19949659940653,0.0
17,42,-286.5224134771605,-1865.1921806787618,313.13150462374426,63.16633935807069,0.0,126.29042560319422,-652.7345232464309,-1661.5403279109169,310.6530726705832,64.75149016200311,0.0,293.19949659940653,0.0
17,43,-235.60862588010013,-1902.5789786216235,313.13150462374426,63.16633935807069,0.0,126.29042560319422,-712.2501302375622,-1636.0325251306458,310.6530726705832,64.75149016200311,0.0,293.19949659940653,0.0
17,44,-184.69483828303976,-1939.9657765644852,313.13150462374426,63.16633935807069,0.0,126.29042560319422,-771.7657372286933,-1610.524722350375,310.6530726705832,64.75149016200311,0.0,293.19949659940653,0.0
17,45,-133.78105068597938,-1977.352574507347,313.13150462374426,63.16633935807069,0.0,126.29042560319422,-831.2813442198246,-1585.0169195701042,310.6530726705832,64.75149016200311,0.0,293.19949659940653,0.0
17,46,-82.867263088919,-2014.7393724502087,313.13150462374426,63.16633935807069,0.0,126.29042560319422,-890.7969512109557,-1559.5091167898333,310.6530726705832,64.75149016200311,0.0,293.19949659940653,0.0
17,47,-31.953475491858626,-2052.1261703930704,313.13150462374426,63.16633935807069,0.0,126.29042560319422,-950.3125582020871,-1534.0013140095623,310.6530726705832,64.75149016200311,0.0,293.19949659940653,0.0
17,48,18.96031210520175,-2089.5129683359323,313.13150462374426,63.16633935807069,0.0,126.29042560319422,-1009.8281651932184,-1508.4935112292915,310.6530726705832,64.75149016200311,0.0,293.19949659940653,0.0
17,49,69.87409970226213,-2126.899766278794,313.13150462374426,63.16633935807069,0.0,126.29042560319422,-1069.3437721843497,-1482.9857084490204,310.6530726705832,64.75149016200311,0.0,293.19949659940653,0.0
18,0,557.0693352008227,-35.30971096376561,157.67227971817977,60.84585285575271,0.0,183.12486018164452,-2020.1629879752963,-3173.72187637106,139.70905163510395,67.32246496530874,0.0,432.5609095966836,0.0
18,1,553.7525021164329,-96.06509284911135,157.67227971817977,60.84585285575271,0.0,183.12486018164452,-1955.9349271347269,-3153.5458884233703,139.70905163510395,67.32246496530874,0.0,432.5609095966836,0.0
18,2,550.435669032043,-156.82047473445755,157.67227971817977,60.84585285575271,0.0,183.12486018164452,-1891.7068662941574,-3133.369900475681,139.70905163510395,67.32246496530874,0.0,432.5609095966836,0.0
18,3,547.1188359476531,-217.5758566198033,157.67227971817977,60.84585285575271,0.0,183.12486018164452,-1827.4788054535875,-3113.193912527992,139.70905163510395,67.32246496530874,0.0,432.5609095966836,0.0
18,4,543.8020028632633,-278.33123850514903,157.67227971817977,60.84585285575271,0.0,183.12486018164452,-1763.250744613018,-3093.017924580302,139.70905163510395,67.32246496530874,0.0,432.5609095966836,0.0
18,5,540.4851697788735,-339.0866203904948,157.67227971817977,60.84585285575271,0.0,183.12486018164452,-1699.0226837724485,-3072.8419366326125,139.70905163510395,67.32246496530874,0.0,432.5609095966836,0.0
18,6,537.1683366944835,-399.8420022758405,157.67227971817977,60.84585285575271,0.0,183.12486018164452,-1634.794622931879,-3052.6659486849235,139.70905163510395,67.32246496530874,0.0,432.5609095966836,0.0
18,7,533.8515036100937,-460.5973841611865,157.67227971817977,60.84585285575271,0.0,183.12486018164452,-1570.5665620913092,-3032.489960737234,139.70905163510395,67.32246496530874,0.0,432.5609095966836,0.0
18,8,530.5346705257039,-521.3527660465325,157.67227971817977,60.84585285575271,0.0,183.12486018164452,-1506.3385012507395,-3012.3139727895446,139.70905163510395,67.32246496530874,0.0,432.5609095966836,0.0
18,9,527.217837441314,-582.1081479318782,157.67227971817977,60.84585285575271,0.0,183.12486018164452,-1442.1104404101698,-2992.137984841855,139.70905163510395,67.32246496530874,0.0,432.5609095966836,0.0
18,10,523.9010043569241,-642.8635298172239,157.67227971817977,60.84585285575271,0.0,183.12486018164452,-1377.8823795696003,-2971.9619968941656,139.70905163510395,67.32246496530874,0.0,432.5609095966836,0.0
18,11,520.5841712725343,-703.6189117025697,157.67227971817977,60.84585285575271,0.0,183.12486018164452,-1313.6543187290306,-2951.786008946476,139.70905163510395,67.32246496530874,0.0,432.5609095966836,0.0
18,12,517.2673381881443,-764.3742935879156,157.67227971817977,60.84585285575271,0.0,183.12486018164452,-1249.4262578884611,-2931.6100209987867,139.70905163510395,67.32246496530874,0.0,432.5609095966836,0.0
18,13,513.9505051037545,-825.1296754732614,157.67227971817977,60.84585285575271,0.0,183.12486018164452,-1185.1981970478914,-2911.4340330510972,139.70905163510395,67.32246496530874,0.0,432.5609095966836,0.0
18,14,510.63367201936467,-885.8850573586074,157.67227971817977,60.84585285575271,0.0,183.12486018164452,-1120.9701362073217,-2891.2580451034078,139.70905163510395,67.32246496530874,0.0,432.5609095966836,0.0
18,15,507.3168389349748,-946.6404392439529,157.67227971817977,60.84585285575271,0.0,183.12486018164452,-1056.742075366752,-2871.0820571557188,139.70905163510395,67.32246496530874,0.0,432.5609095966836,0.0
18,16,504.0000058505849,-1007.3958211292988,157.67227971817977,60.84585285575271,0.0,183.12486018164452,-992.5140145261823,-2850.9060692080293,139.70905163510395,67.32246496530874,0.0,432.5609095966836,0.0
18,17,500.68317276619507,-1068.1512030146448,157.67227971817977,60.84585285575271,0.0,183.12486018164452,-928.2859536856129,-2830.73008126034,139.70905163510395,67.32246496530874,0.0,432.5609095966836,0.0
18,18,497.3663396818052,-1128.9065848999905,157.67227971817977,60.84585285575271,0.0,183.12486018164452,-864.0578928450432,-2810.5540933126504,139.70905163510395,67.32246496530874,0.0,432.5609095966836,0.0
18,19,494.0495065974153,-1189.6619667853363,157.67227971817977,60.84585285575271,0.0,183.12486018164452,-799.8298320044737,-2790.378105364961,139.70905163510395,67.32246496530874,0.0,432.5609095966836,0.0
18,20,490.7326735130255,-1250.417348670682,157.67227971817977,60.84585285575271,0.0,183.12486018164452,-735.601771163904,-2770.2021174172714,139.70905163510395,67.32246496530874,0.0,432.5609095966836,0.0
18,21,487.4158404286356,-1311.172730556028,157.67227971817977,60.84585285575271,0.0,183.12486018164452,-671.3737103233343,-2750.026129469582,139.70905163510395,67.32246496530874,0.0,432.5609095966836,0.0
18,22,484.09900734424576,-1371.9281124413737,157.67227971817977,60.84585285575271,0.0,183.12486018164452,-607.1456494827648,-2729.8501415218925,139.70905163510395,67.32246496530874,0.0,432.5609095966836,0.0
18,23,480.7821742598559,-1432.6834943267195,157.67227971817977,60.84585285575271,0.0,183.12486018164452,-542.9175886421953,-2709.674153574203,139.70905163510395,67.32246496530874,0.0,432.5609095966836,0.0
18,24,477.46534117546605,-1493.4388762120655,157.67227971817977,60.84585285575271,0.0,183.12486018164452,-478.6895278016258,-2689.4981656265136,139.70905163510395,67.32246496530874,0.0,432.5609095966836,0.0
18,25,474.14850809107617,-1554.1942580974112,157.67227971817977,60.84585285575271,0.0,183.12486018164452,-414.461466961056,-2669.322177678824,139.70905163510395,67.32246496530874,0.0,432.5609095966836,0.0
18,26,470.8316750066863,-1614.9496399827572,157.67227971817977,60.84585285575271,0.0,183.12486018164452,-350.2334061204865,-2649.1461897311347,139.70905163510395,67.32246496530874,0.0,432.5609095966836,0.0
18,27,467.51484192229645,-1675.705021868103,157.67227971817977,60.84585285575271,0.0,183.12486018164452,-286.0053452799167,-2628.970201783445,139.70905163510395,67.32246496530874,0.0,432.5609095966836,0.0
18,28,464.19800883790657,-1736.4604037534486,157.67227971817977,60.84585285575271,0.0,183.12486018164452,-221.77728443934723,-2608.7942138357557,139.70905163510395,67.32246496530874,0.0,432.5609095966836,0.0
18,29,460.8811757535167,-1797.2157856387944,157.67227971817977,60.84585285575271,0.0,183.12486018164452,-157.54922359877753,-2588.6182258880663,139.70905163510395,67.32246496530874,0.0,432.5609095966836,0.0
18,30,457.56434266912686,-1857.9711675241404,157.67227971817977,60.84585285575271,0.0,183.12486018164452,-93.32116275820783,-2568.4422379403773,139.70905163510395,67.32246496530874,0.0,432.5609095966836,0.0
18,31,454.247509584737,-1918.726549409486,157.67227971817977,60.84585285575271,0.0,183.12486018164452,-29.093101917638307,-2548.266249992688,139.70905163510395,67.32246496530874,0.0,432.5609095966836,0.0
18,32,450.9306765003471,-1979.481931294832,157.67227971817977,60.84585285575271,0.0,183.12486018164452,35.13495892293133,-2528.0902620449983,139.70905163510395,67.32246496530874,0.0,432.5609095966836,0.0
18,33,447.61384341595726,-2040.2373131801778,157.67227971817977,60.84585285575271,0.0,183.12486018164452,99.36301976350092,-2507.914274097309,139.70905163510395,67.32246496530874,0.0,432.5609095966836,0.0
18,34,444.2970103315674,-2100.9926950655235,157.67227971817977,60.84585285575271,0.0,183.12486018164452,163.5910806040705,-2487.7382861496194,139.70905163510395,67.32246496530874,0.0,432.5609095966836,0.0
18,35,440.98017724717755,-2161.7480769508693,157.67227971817977,60.84585285575271,0.0,183.12486018164452,227.8191414446402,-2467.56229820193,139.70905163510395,67.32246496530874,0.0,432.5609095966836,0.0
18,36,437.66334416278767,-2222.503458836215,157.67227971817977,60.84585285575271,0.0,183.12486018164452,292.04720228520983,-2447.3863102542405,139.70905163510395,67.32246496530874,0.0,432.5609095966836,0.0
18,37,434.3465110783978,-2283.2588407215612,157.67227971817977,60.84585285575271,0.0,183.12486018164452,356.2752631257794,-2427.210322306551,139.70905163510395,67.32246496530874,0.0,432.5609095966836,0.0
18,38,431.02967799400795,-2344.014222606907,157.67227971817977,60.84585285575271,0.0,183.12486018164452,420.50332396634906,-2407.0343343588615,139.70905163510395,67.32246496530874,0.0,432.5609095966836,0.0
18,39,427.71284490961807,-2404.7696044922527,157.67227971817977,60.84585285575271,0.0,183.12486018164452,484.73138480691864,-2386.858346411172,139.70905163510395,67.32246496530874,0.0,432.5609095966836,0.0
18,40,424.3960118252282,-2465.5249863775985,157.67227971817977,60.84585285575271,0.0,183.12486018164452,548.9594456474883,-2366.6823584634826,139.70905163510395,67.32246496530874,0.0,432.5609095966836,0.0
18,41,421.07917874083836,-2526.280368262944,157.67227971817977,60.84585285575271,0.0,183.12486018164452,613.1875064880579,-2346.506370515793,139.70905163510395,67.32246496530874,0.0,432.5609095966836,0.0
18,42,417.7623456564485,-2587.0357501482904,157.67227971817977,60.84585285575271,0.0,183.12486018164452,677.4155673286275,-2326.3303825681037,139.70905163510395,67.32246496530874,0.0,432.5609095966836,0.0
18,43,414.4455125720586,-2647.791132033636,157.67227971817977,60.84585285575271,0.0,183.12486018164452,741.6436281691972,-2306.154394620414,139.70905163510395,67.32246496530874,0.0,432.5609095966836,0.0
18,44,411.12867948766876,-2708.546513918982,157.67227971817977,60.84585285575271,0.0,183.12486018164452,805.8716890097668,-2285.978406672725,139.70905163510395,67.32246496530874,0.0,432.5609095966836,0.0
18,45,407.8118464032789,-2769.3018958043276,157.67227971817977,60.84585285575271,0.0,183.12486018164452,870.0997498503364,-2265.8024187250357,139.70905163510395,67.32246496530874,0.0,432.5609095966836,0.0
18,46,404.49501331888905,-2830.0572776896734,157.67227971817977,60.84585285575271,0.0,183.12486018164452,934.327810690906,-2245.6264307773463,139.70905163510395,67.32246496530874,0.0,432.5609095966836,0.0
18,47,401.17818023449917,-2890.812659575019,157.67227971817977,60.84585285575271,0.0,183.12486018164452,998.5558715314756,-2225.450442829657,139.70905163510395,67.32246496530874,0.0,432.5609095966836,0.0
18,48,397.8613471501093,-2951.568041460365,157.67227971817977,60.84585285575271,0.0,183.12486018164452,1062.7839323720452,-2205.2744548819674,139.70905163510395,67.32246496530874,0.0,432.5609095966836,0.0
18,49,394.54451406571945,-3012.323423345711,157.67227971817977,60.84585285575271,0.0,183.12486018164452,1127.011993212615,-2185.098466934278,139.70905163510395,67.32246496530874,0.0,432.5609095966836,0.0
19,0,-2211.531501069485,1068.6075198097722,19.902647947439164,65.04646858741827,0.0,236.17780675173793,-3961.7500144521846,-2771.2452043805133,30.286947086177236,65.06528353167351,0.0,351.6282434311727,0.0
19,1,-2265.570086078895,1032.4015202257985,19.902647947439164,65.04646858741827,0.0,236.17780675173793,-3971.2232177061132,-2706.8732419965154,30.286947086177236,65.06528353167351,0.0,351.6282434311727,0.0
19,2,-2319.608671088306,996.1955206418247,19.902647947439164,65.04646858741827,0.0,236.17780675173793,-3980.696420960042,-2642.5012796125175,30.286947086177236,65.06528353167351,0.0,351.6282434311727,0.0
19,3,-2373.6472560977163,959.9895210578511,19.902647947439164,65.04646858741827,0.0,236.17780675173793,-3990.1696242139706,-2578.1293172285204,30.286947086177236,65.06528353167351,0.0,351.6282434311727,0.0
19,4,-2427.685841107127,923.7835214738773,19.902647947439164,65.04646858741827,0.0,236.17780675173793,-3999.6428274678997,-2513.7573548445225,30.286947086177236,65.06528353167351,0.0,351.6282434311727,0.0
19,5,-2481.724426116538,887.5775218899039,19.902647947439164,65.04646858741827,0.0,236.17780675173793,-4009.1160307218283,-2449.385392460525,30.286947086177236,65.06528353167351,0.0,351.6282434311727,0.0
19,6,-2535.7630111259487,851.3715223059301,19.902647947439164,65.04646858741827,0.0,236.17780675173793,-4018.5892339757575,-2385.013430076527,30.286947086177236,65.06528353167351,0.0,351.6282434311727,0.0
19,7,-2589.8015961353585,815.1655227219564,19.902647947439164,65.04646858741827,0.0,236.17780675173793,-4028.062437229686,-2320.6414676925297,30.286947086177236,65.06528353167351,0.0,351.6282434311727,0.0
19,8,-2643.8401811447693,778.9595231379828,19.902647947439164,65.04646858741827,0.0,236.17780675173793,-4037.535640483615,-2256.2695053085317,30.286947086177236,65.06528353167351,0.0,351.6282434311727,0.0
19,9,-2697.87876615418,742.753523554009,19.902647947439164,65.04646858741827,0.0,236.17780675173793,-4047.008843737544,-2191.897542924534,30.286947086177236,65.06528353167351,0.0,351.6282434311727,0.0
19,10,-2751.9173511635904,706.5475239700354,19.902647947439164,65.04646858741827,0.0,236.17780675173793,-4056.4820469914725,-2127.525580540537,30.286947086177236,65.06528353167351,0.0,351.6282434311727,0.0
19,11,-2805.9559361730007,670.3415243860617,19.902647947439164,65.04646858741827,0.0,236.17780675173793,-4065.9552502454017,-2063.153618156539,30.286947086177236,65.06528353167351,0.0,351.6282434311727,0.0
19,12,-2859.9945211824115,634.1355248020881,19.902647947439164,65.04646858741827,0.0,236.17780675173793,-4075.4284534993303,-1998.7816557725412,30.286947086177236,65.06528353167351,0.0,351.6282434311727,0.0
19,13,-2914.033106191822,597.9295252181145,19.902647947439164,65.04646858741827,0.0,236.17780675173793,-4084.901656753259,-1934.4096933885432,30.286947086177236,65.06528353167351,0.0,351.6282434311727,0.0
19,14,-2968.0716912012326,561.7235256341407,19.902647947439164,65.04646858741827,0.0,236.17780675173793,-4094.374860007188,-1870.0377310045455,30.286947086177236,65.06528353167351,0.0,351.6282434311727,0.0
19,15,-3022.110276210643,525.517526050167,19.902647947439164,65.04646858741827,0.0,236.17780675173793,-4103.848063261117,-1805.665768620548,30.286947086177236,65.06528353167351,0.0,351.6282434311727,0.0
19,16,-3076.1488612200537,489.3115264661934,19.902647947439164,65.04646858741827,0.0,236.17780675173793,-4113.321266515046,-1741.2938062365504,30.286947086177236,65.06528353167351,0.0,351.6282434311727,0.0
19,17,-3130.1874462294645,453.1055268822197,19.902647947439164,65.04646858741827,0.0,236.17780675173793,-4122.7944697689745,-1676.9218438525525,30.286947086177236,65.06528353167351,0.0,351.6282434311727,0.0
19,18,-3184.226031238875,416.89952729824597,19.902647947439164,65.04646858741827,0.0,236.17780675173793,-4132.267673022903,-1612.5498814685548,30.286947086177236,65.06528353167351,0.0,351.6282434311727,0.0
19,19,-3238.264616248285,380.6935277142725,19.902647947439164,65.04646858741827,0.0,236.17780675173793,-4141.740876276832,-1548.1779190845573,30.286947086177236,65.06528353167351,0.0,351.6282434311727,0.0
19,20,-3292.303201257696,344.48752813029876,19.902647947439164,65.04646858741827,0.0,236.17780675173793,-4151.214079530761,-1483.8059567005594,30.286947086177236,65.06528353167351,0.0,351.6282434311727,0.0
19,21,-3346.3417862671063,308.28152854632503,19.902647947439164,65.04646858741827,0.0,236.17780675173793,-4160.68728278469,-1419.4339943165617,30.286947086177236,65.06528353167351,0.0,351.6282434311727,0.0
19,22,-3400.380371276517,272.0755289623514,19.902647947439164,65.04646858741827,0.0,236.17780675173793,-4170.160486038619,-1355.062031932564,30.286947086177236,65.06528353167351,0.0,351.6282434311727,0.0
19,23,-3454.4189562859274,235.8695293783777,19.902647947439164,65.04646858741827,0.0,236.17780675173793,-4179.633689292547,-1290.690069548566,30.286947086177236,65.06528353167351,0.0,351.6282434311727,0.0
19,24,-3508.457541295338,199.66352979440398,19.902647947439164,65.04646858741827,0.0,236.17780675173793,-4189.106892546477,-1226.3181071645686,30.286947086177236,65.06528353167351,0.0,351.6282434311727,0.0
19,25,-3562.4961263047485,163.45753021043032,19.902647947439164,65.04646858741827,0.0,236.17780675173793,-4198.580095800406,-1161.9461447805706,30.286947086177236,65.06528353167351,0.0,351.6282434311727,0.0
19,26,-3616.534711314159,127.25153062645671,19.902647947439164,65.04646858741827,0.0,236.17780675173793,-4208.053299054334,-1097.5741823965732,30.286947086177236,65.06528353167351,0.0,351.6282434311727,0.0
19,27,-3670.5732963235696,91.04553104248299,19.902647947439164,65.04646858741827,0.0,236.17780675173793,-4217.526502308263,-1033.2022200125753,30.286947086177236,65.06528353167351,0.0,351.6282434311727,0.0
19,28,-3724.6118813329804,54.83953145850933,19.902647947439164,65.04646858741827,0.0,236.17780675173793,-4226.999705562192,-968.8302576285777,30.286947086177236,65.06528353167351,0.0,351.6282434311727,0.0
19,29,-3778.6504663423907,18.63353187453572,19.902647947439164,65.04646858741827,0.0,236.17780675173793,-4236.472908816121,-904.4582952445801,30.286947086177236,65.06528353167351,0.0,351.6282434311727,0.0
19,30,-3832.6890513518015,-17.572467709438,19.902647947439164,65.04646858741827,0.0,236.17780675173793,-4245.94611207005,-840.0863328605823,30.286947086177236,65.06528353167351,0.0,351.6282434311727,0.0
19,31,-3886.727636361212,-53.778467293411666,19.902647947439164,65.04646858741827,0.0,236.17780675173793,-4255.4193153239785,-775.7143704765846,30.286947086177236,65.06528353167351,0.0,351.6282434311727,0.0
19,32,-3940.7662213706226,-89.98446687738536,19.902647947439164,65.04646858741827,0.0,236.17780675173793,-4264.892518577907,-711.3424080925868,30.286947086177236,65.06528353167351,0.0,351.6282434311727,0.0
19,33,-3994.804806380033,-126.19046646135902,19.902647947439164,65.04646858741827,0.0,236.17780675173793,-4274.365721831837,-646.9704457085891,30.286947086177236,65.06528353167351,0.0,351.6282434311727,0.0
19,34,-4048.8433913894432,-162.39646604533266,19.902647947439164,65.04646858741827,0.0,236.17780675173793,-4283.838925085765,-582.5984833245915,30.286947086177236,65.06528353167351,0.0,351.6282434311727,0.0
19,35,-4102.881976398854,-198.60246562930635,19.902647947439164,65.04646858741827,0.0,236.17780675173793,-4293.312128339694,-518.2265209405937,30.286947086177236,65.06528353167351,0.0,351.6282434311727,0.0
19,36,-4156.920561408265,-234.80846521328004,19.902647947439164,65.04646858741827,0.0,236.17780675173793,-4302.785331593623,-453.85455855659603,30.286947086177236,65.06528353167351,0.0,351.6282434311727,0.0
19,37,-4210.959146417676,-271.0144647972537,19.902647947439164,65.04646858741827,0.0,236.17780675173793,-4312.258534847551,-389.48259617259833,30.286947086177236,65.06528353167351,0.0,351.6282434311727,0.0
19,38,-4264.9977314270855,-307.2204643812274,19.902647947439164,65.04646858741827,0.0,236.17780675173793,-4321.731738101481,-325.11063378860064,30.286947086177236,65.06528353167351,0.0,351.6282434311727,0.0
19,39,-4319.036316436496,-343.42646396520104,19.902647947439164,65.04646858741827,0.0,236.17780675173793,-4331.20494135541,-260.73867140460294,30.286947086177236,65.06528353167351,0.0,351.6282434311727,0.0
19,40,-4373.074901445907,-379.6324635491747,19.902647947439164,65.04646858741827,0.0,236.17780675173793,-4340.678144609338,-196.36670902060524,30.286947086177236,65.06528353167351,0.0,351.6282434311727,0.0
19,41,-4427.113486455317,-415.83846313314837,19.902647947439164,65.04646858741827,0.0,236.17780675173793,-4350.151347863267,-131.9947466366075,30.286947086177236,65.06528353167351,0.0,351.6282434311727,0.0
19,42,-4481.152071464728,-452.04446271712203,19.902647947439164,65.04646858741827,0.0,236.17780675173793,-4359.624551117196,-67.62278425260985,30.286947086177236,65.06528353167351,0.0,351.6282434311727,0.0
19,43,-4535.190656474138,-488.2504623010957,19.902647947439164,65.04646858741827,0.0,236.17780675173793,-4369.097754371125,-3.2508218686120927,30.286947086177236,65.06528353167351,0.0,351.6282434311727,0.0
19,44,-4589.229241483549,-524.4564618850694,19.902647947439164,65.04646858741827,0.0,236.17780675173793,-4378.570957625054,61.12114051538566,30.286947086177236,65.06528353167351,0.0,351.6282434311727,0.0
19,45,-4643.267826492959,-560.662461469043,19.902647947439164,65.04646858741827,0.0,236.17780675173793,-4388.044160878982,125.4931028993833,30.286947086177236,65.06528353167351,0.0,351.6282434311727,0.0
19,46,-4697.30641150237,-596.8684610530167,19.902647947439164,65.04646858741827,0.0,236.17780675173793,-4397.517364132911,189.865065283381,30.286947086177236,65.06528353167351,0.0,351.6282434311727,0.0
19,47,-4751.344996511781,-633.0744606369904,19.902647947439164,65.04646858741827,0.0,236.17780675173793,-4406.99056738684,254.2370276673787,30.286947086177236,65.06528353167351,0.0,351.6282434311727,0.0
19,48,-4805.383581521191,-669.2804602209641,19.902647947439164,65.04646858741827,0.0,236.17780675173793,-4416.463770640769,318.6089900513765,30.286947086177236,65.06528353167351,0.0,351.6282434311727,0.0
19,49,-4859.422166530601,-705.4864598049378,19.902647947439164,65.04646858741827,0.0,236.17780675173793,-4425.936973894698,382.9809524353742,30.286947086177236,65.06528353167351,0.0,351.6282434311727,0.0
20,0,1657.3287738137915,-119.52329695846151,-170.8093315966982,62.76664053318003,0.0,228.81839335531916,-895.9977645408388,-3900.334085660368,-141.0484182290728,60.62614756739751,0.0,378.148574711926,0.0
20,1,1610.088947775977,-160.8518585078118,-170.8093315966982,62.76664053318003,0.0,228.81839335531916,-877.1138014871826,-3842.7239675538062,-141.0484182290728,60.62614756739751,0.0,378.148574711926,0.0
20,2,1562.8491217381622,-202.1804200571621,-170.8093315966982,62.76664053318003,0.0,228.81839335531916,-858.229838433526,-3785.1138494472443,-141.0484182290728,60.62614756739751,0.0,378.148574711926,0.0
20,3,1515.6092957003473,-243.50898160651263,-170.8093315966982,62.76664053318003,0.0,228.81839335531916,-839.3458753798697,-3727.5037313406824,-141.0484182290728,60.62614756739751,0.0,378.148574711926,0.0
20,4,1468.3694696625328,-284.8375431558627,-170.8093315966982,62.76664053318003,0.0,228.81839335531916,-820.4619123262133,-3669.8936132341205,-141.0484182290728,60.62614756739751,0.0,378.148574711926,0.0
20,5,1421.1296436247178,-326.166104705213,-170.8093315966982,62.76664053318003,0.0,228.81839335531916,-801.5779492725569,-3612.283495127559,-141.0484182290728,60.62614756739751,0.0,378.148574711926,0.0
20,6,1373.889817586903,-367.4946662545635,-170.8093315966982,62.76664053318003,0.0,228.81839335531916,-782.6939862189006,-3554.6733770209976,-141.0484182290728,60.62614756739751,0.0,378.148574711926,0.0
20,7,1326.6499915490883,-408.8232278039138,-170.8093315966982,62.76664053318003,0.0,228.81839335531916,-763.810023165244,-3497.063258914435,-141.0484182290728,60.62614756739751,0.0,378.148574711926,0.0
20,8,1279.4101655112736,-450.1517893532639,-170.8093315966982,62.76664053318003,0.0,228.81839335531916,-744.9260601115876,-3439.4531408078738,-141.0484182290728,60.62614756739751,0.0,378.148574711926,0.0
20,9,1232.1703394734589,-491.4803509026144,-170.8093315966982,62.76664053318003,0.0,228.81839335531916,-726.0420970579314,-3381.843022701312,-141.0484182290728,60.62614756739751,0.0,378.148574711926,0.0
20,10,1184.9305134356441,-532.8089124519647,-170.8093315966982,62.76664053318003,0.0,228.81839335531916,-707.158134004275,-3324.23290459475,-141.0484182290728,60.62614756739751,0.0,378.148574711926,0.0
20,11,1137.6906873978294,-574.1374740013148,-170.8093315966982,62.76664053318003,0.0,228.81839335531916,-688.2741709506186,-3266.6227864881885,-141.0484182290728,60.62614756739751,0.0,378.148574711926,0.0
20,12,1090.4508613600144,-615.4660355506653,-170.8093315966982,62.76664053318003,0.0,228.81839335531916,-669.3902078969622,-3209.0126683816266,-141.0484182290728,60.62614756739751,0.0,378.148574711926,0.0
20,13,1043.2110353222,-656.7945971000156,-170.8093315966982,62.76664053318003,0.0,228.81839335531916,-650.5062448433057,-3151.4025502750646,-141.0484182290728,60.62614756739751,0.0,378.148574711926,0.0
20,14,995.9712092843852,-698.1231586493659,-170.8093315966982,62.76664053318003,0.0,228.81839335531916,-631.6222817896494,-3093.792432168503,-141.0484182290728,60.62614756739751,0.0,378.148574711926,0.0
20,15,948.7313832465702,-739.4517201987162,-170.8093315966982,62.76664053318003,0.0,228.81839335531916,-612.7383187359931,-3036.182314061941,-141.0484182290728,60.62614756739751,0.0,378.148574711926,0.0
20,16,901.4915572087555,-780.7802817480665,-170.8093315966982,62.76664053318003,0.0,228.81839335531916,-593.8543556823367,-2978.5721959553794,-141.0484182290728,60.62614756739751,0.0,378.148574711926,0.0
20,17,854.2517311709407,-822.1088432974167,-170.8093315966982,62.76664053318003,0.0,228.81839335531916,-574.9703926286804,-2920.9620778488174,-141.0484182290728,60.62614756739751,0.0,378.148574711926,0.0
20,18,807.011905133126,-863.4374048467671,-170.8093315966982,62.76664053318003,0.0,228.81839335531916,-556.0864295750239,-2863.3519597422555,-141.0484182290728,60.62614756739751,0.0,378.148574711926,0.0
20,19,759.7720790953113,-904.7659663961174,-170.8093315966982,62.76664053318003,0.0,228.81839335531916,-537.2024665213676,-2805.741841635694,-141.0484182290728,60.62614756739751,0.0,378.148574711926,0.0
20,20,712.5322530574965,-946.0945279454677,-170.8093315966982,62.76664053318003,0.0,228.81839335531916,-518.3185034677113,-2748.131723529132,-141.0484182290728,60.62614756739751,0.0,378.148574711926,0.0
20,21,665.2924270196817,-987.4230894948181,-170.8093315966982,62.76664053318003,0.0,228.81839335531916,-499.4345404140548,-2690.5216054225702,-141.0484182290728,60.62614756739751,0.0,378.148574711926,0.0
20,22,618.0526009818669,-1028.7516510441683,-170.8093315966982,62.76664053318003,0.0,228.81839335531916,-480.55057736039845,-2632.9114873160083,-141.0484182290728,60.62614756739751,0.0,378.148574711926,0.0
20,23,570.8127749440522,-1070.0802125935188,-170.8093315966982,62.76664053318003,0.0,228.81839335531916,-461.6666143067421,-2575.3013692094464,-141.0484182290728,60.62614756739751,0.0,378.148574711926,0.0
20,24,523.5729489062375,-1111.4087741428689,-170.8093315966982,62.76664053318003,0.0,228.81839335531916,-442.7826512530857,-2517.691251102885,-141.0484182290728,60.62614756739751,0.0,378.148574711926,0.0
20,25,476.3331228684227,-1152.7373356922192,-170.8093315966982,62.76664053318003,0.0,228.81839335531916,-423.89868819942933,-2460.081132996323,-141.0484182290728,60.62614756739751,0.0,378.148574711926,0.0
20,26,429.093296830608,-1194.0658972415695,-170.8093315966982,62.76664053318003,0.0,228.81839335531916,-405.0147251457729,-2402.471014889761,-141.0484182290728,60.62614756739751,0.0,378.148574711926,0.0
20,27,381.85347079279313,-1235.39445879092,-170.8093315966982,62.76664053318003,0.0,228.81839335531916,-386.1307620921165,-2344.8608967831997,-141.0484182290728,60.62614756739751,0.0,378.148574711926,0.0
20,28,334.6136447549784,-1276.72302034027,-170.8093315966982,62.76664053318003,0.0,228.81839335531916,-367.24679903846027,-2287.2507786766373,-141.0484182290728,60.62614756739751,0.0,378.148574711926,0.0
20,29,287.37381871716366,-1318.0515818896206,-170.8093315966982,62.76664053318003,0.0,228.81839335531916,-348.36283598480384,-2229.640660570076,-141.0484182290728,60.62614756739751,0.0,378.148574711926,0.0
20,30,240.13399267934886,-1359.380143438971,-170.8093315966982,62.76664053318003,0.0,228.81839335531916,-329.4788729311474,-2172.030542463514,-141.0484182290728,60.62614756739751,0.0,378.148574711926,0.0
20,31,192.89416664153413,-1400.7087049883212,-170.8093315966982,62.76664053318003,0.0,228.81839335531916,-310.5949098774911,-2114.420424356952,-141.0484182290728,60.62614756739751,0.0,378.148574711926,0.0
20,32,145.6543406037194,-1442.0372665376713,-170.8093315966982,62.76664053318003,0.0,228.81839335531916,-291.7109468238347,-2056.8103062503906,-141.0484182290728,60.62614756739751,0.0,378.148574711926,0.0
20,33,98.4145145659046,-1483.3658280870218,-170.8093315966982,62.76664053318003,0.0,228.81839335531916,-272.82698377017834,-1999.2001881438287,-141.0484182290728,60.62614756739751,0.0,378.148574711926,0.0
20,34,51.17468852808986,-1524.694389636372,-170.8093315966982,62.76664053318003,0.0,228.81839335531916,-253.94302071652197,-1941.5900700372667,-141.0484182290728,60.62614756739751,0.0,378.148574711926,0.0
20,35,3.934862490275094,-1566.0229511857224,-170.8093315966982,62.76664053318003,0.0,228.81839335531916,-235.05905766286554,-1883.979951930705,-141.0484182290728,60.62614756739751,0.0,378.148574711926,0.0
20,36,-43.30496354753967,-1607.3515127350727,-170.8093315966982,62.76664053318003,0.0,228.81839335531916,-216.17509460920917,-1826.3698338241431,-141.0484182290728,60.62614756739751,0.0,378.148574711926,0.0
20,37,-90.54478958535442,-1648.680074284423,-170.8093315966982,62.76664053318003,0.0,228.81839335531916,-197.2911315555528,-1768.7597157175815,-141.0484182290728,60.62614756739751,0.0,378.148574711926,0.0
20,38,-137.78461562316917,-1690.0086358337733,-170.8093315966982,62.76664053318003,0.0,228.81839335531916,-178.40716850189642,-1711.1495976110195,-141.0484182290728,60.62614756739751,0.0,378.148574711926,0.0
20,39,-185.02444166098394,-1731.3371973831236,-170.8093315966982,62.76664053318003,0.0,228.81839335531916,-159.52320544824005,-1653.5394795044579,-141.0484182290728,60.62614756739751,0.0,378.148574711926,0.0
20,40,-232.2642676987987,-1772.6657589324739,-170.8093315966982,62.76664053318003,0.0,228.81839335531916,-140.63924239458368,-1595.929361397896,-141.0484182290728,60.62614756739751,0.0,378.148574711926,0.0
20,41,-279.50409373661347,-1813.9943204818242,-170.8093315966982,62.76664053318003,0.0,228.81839335531916,-121.7552793409273,-1538.3192432913343,-141.0484182290728,60.62614756739751,0.0,378.148574711926,0.0
20,42,-326.7439197744282,-1855.3228820311745,-170.8093315966982,62.76664053318003,0.0,228.81839335531916,-102.87131628727094,-1480.7091251847723,-141.0484182290728,60.62614756739751,0.0,378.148574711926,0.0
20,43,-373.983745812243,-1896.6514435805248,-170.8093315966982,62.76664053318003,0.0,228.81839335531916,-83.98735323361454,-1423.0990070782107,-141.0484182290728,60.62614756739751,0.0,378.148574711926,0.0
20,44,-421.22357185005774,-1937.980005129875,-170.8093315966982,62.76664053318003,0.0,228.81839335531916,-65.10339017995817,-1365.4888889716487,-141.0484182290728,60.62614756739751,0.0,378.148574711926,0.0
20,45,-468.4633978878725,-1979.3085666792254,-170.8093315966982,62.76664053318003,0.0,228.81839335531916,-46.21942712630184,-1307.878770865087,-141.0484182290728,60.62614756739751,0.0,378.148574711926,0.0
20,46,-515.7032239256873,-2020.6371282285759,-170.8093315966982,62.76664053318003,0.0,228.81839335531916,-27.335464072645436,-1250.2686527585251,-141.0484182290728,60.62614756739751,0.0,378.148574711926,0.0
20,47,-562.9430499635021,-2061.965689777926,-170.8093315966982,62.76664053318003,0.0,228.81839335531916,-8.451501018989063,-1192.6585346519632,-141.0484182290728,60.62614756739751,0.0,378.148574711926,0.0
20,48,-610.1828760013168,-2103.2942513272765,-170.8093315966982,62.76664053318003,0.0,228.81839335531916,10.432462034667338,-1135.0484165454016,-141.0484182290728,60.62614756739751,0.0,378.148574711926,0.0
20,49,-657.4227020391315,-2144.6228128766265,-170.8093315966982,62.76664053318003,0.0,228.81839335531916,29.31642508832371,-1077.4382984388399,-141.0484182290728,60.62614756739751,0.0,378.148574711926,0.0
21,0,-1194.367344624713,-4766.264521395908,127.3038296636472,62.04107332787811,0.0,80.41404836928696,3647.630933668577,-5268.517124482215,127.89056633279058,68.36222828377826,0.0,290.2304583917971,0.0
21,1,-1133.1925571622578,-4755.933008505794,127.3038296636472,62.04107332787811,0.0,80.41404836928696,3583.48601705672,-5244.877667449929,127.89056633279058,68.36222828377826,0.0,290.2304583917971,0.0
21,2,-1072.0177696998026,-4745.60149561568,127.3038296636472,62.04107332787811,0.0,80.41404836928696,3519.3411004448626,-5221.238210417643,127.89056633279058,68.36222828377826,0.0,290.2304583917971,0.0
21,3,-1010.8429822373482,-4735.269982725565,127.3038296636472,62.04107332787811,0.0,80.41404836928696,3455.1961838330053,-5197.598753385357,127.89056633279058,68.36222828377826,0.0,290.2304583917971,0.0
21,4,-949.668194774893,-4724.938469835451,127.3038296636472,62.04107332787811,0.0,80.41404836928696,3391.051267221148,-5173.959296353071,127.89056633279058,68.36222828377826,0.0,290.2304583917971,0.0
21,5,-888.4934073124377,-4714.606956945336,127.3038296636472,62.04107332787811,0.0,80.41404836928696,3326.9063506092907,-5150.319839320785,127.89056633279058,68.36222828377826,0.0,290.2304583917971,0.0
21,6,-827.3186198499827,-4704.275444055222,127.3038296636472,62.04107332787811,0.0,80.41404836928696,3262.7614339974334,-5126.6803822884995,127.89056633279058,68.36222828377826,0.0,290.2304583917971,0.0
21,7,-766.1438323875275,-4693.943931165108,127.3038296636472,62.04107332787811,0.0,80.41404836928696,3198.616517385576,-5103.040925256213,127.89056633279058,68.36222828377826,0.0,290.2304583917971,0.0
21,8,-704.9690449250725,-4683.612418274993,127.3038296636472,62.04107332787811,0.0,80.41404836928696,3134.471600773719,-5079.401468223928,127.89056633279058,68.36222828377826,0.0,290.2304583917971,0.0
21,9,-643.7942574626175,-4673.280905384879,127.3038296636472,62.04107332787811,0.0,80.41404836928696,3070.326684161862,-5055.762011191641,127.89056633279058,68.36222828377826,0.0,290.2304583917971,0.0
21,10,-582.6194700001624,-4662.949392494764,127.3038296636472,62.04107332787811,0.0,80.41404836928696,3006.1817675500047,-5032.122554159356,127.89056633279058,68.36222828377826,0.0,290.2304583917971,0.0
21,11,-521.4446825377074,-4652.61787960465,127.3038296636472,62.04107332787811,0.0,80.41404836928696,2942.0368509381474,-5008.483097127069,127.89056633279058,68.36222828377826,0.0,290.2304583917971,0.0
21,12,-460.2698950752522,-4642.286366714535,127.3038296636472,62.04107332787811,0.0,80.41404836928696,2877.8919343262896,-4984.843640094784,127.89056633279058,68.36222828377826,0.0,290.2304583917971,0.0
21,13,-399.0951076127974,-4631.954853824421,127.3038296636472,62.04107332787811,0.0,80.41404836928696,2813.747017714433,-4961.2041830624985,127.89056633279058,68.36222828377826,0.0,290.2304583917971,0.0
21,14,-337.92032015034215,-4621.623340934307,127.3038296636472,62.04107332787811,0.0,80.41404836928696,2749.6021011025755,-4937.564726030212,127.89056633279058,68.36222828377826,0.0,290.2304583917971,0.0
21,15,-276.74553268788713,-4611.291828044192,127.3038296636472,62.04107332787811,0.0,80.41404836928696,2685.4571844907186,-4913.925268997926,127.89056633279058,68.36222828377826,0.0,290.2304583917971,0.0
21,16,-215.57074522543212,-4600.960315154078,127.3038296636472,62.04107332787811,0.0,80.41404836928696,2621.3122678788613,-4890.28581196564,127.89056633279058,68.36222828377826,0.0,290.2304583917971,0.0
21,17,-154.39595776297688,-4590.628802263963,127.3038296636472,62.04107332787811,0.0,80.41404836928696,2557.167351267004,-4866.646354933355,127.89056633279058,68.36222828377826,0.0,290.2304583917971,0.0
21,18,-93.22117030052209,-4580.297289373849,127.3038296636472,62.04107332787811,0.0,80.41404836928696,2493.0224346551468,-4843.006897901068,127.89056633279058,68.36222828377826,0.0,290.2304583917971,0.0
21,19,-32.04638283806685,-4569.965776483734,127.3038296636472,62.04107332787811,0.0,80.41404836928696,2428.8775180432895,-4819.367440868782,127.89056633279058,68.36222828377826,0.0,290.2304583917971,0.0
21,20,29.128404624388168,-4559.63426359362,127.3038296636472,62.04107332787811,0.0,80.41404836928696,2364.732601431432,-4795.727983836497,127.89056633279058,68.36222828377826,0.0,290.2304583917971,0.0
21,21,90.30319208684296,-4549.302750703506,127.3038296636472,62.04107332787811,0.0,80.41404836928696,2300.587684819575,-4772.088526804211,127.89056633279058,68.36222828377826,0.0,290.2304583917971,0.0
21,22,151.4779795492982,-4538.971237813391,127.3038296636472,62.04107332787811,0.0,80.41404836928696,2236.4427682077176,-4748.449069771925,127.89056633279058,68.36222828377826,0.0,290.2304583917971,0.0
21,23,212.65276701175333,-4528.639724923277,127.3038296636472,62.04107332787811,0.0,80.41404836928696,2172.2978515958603,-4724.809612739638,127.89056633279058,68.36222828377826,0.0,290.2304583917971,0.0
21,24,273.82755447420834,-4518.308212033162,127.3038296636472,62.04107332787811,0.0,80.41404836928696,2108.152934984003,-4701.170155707353,127.89056633279058,68.36222828377826,0.0,290.2304583917971,0.0
21,25,335.00234193666336,-4507.976699143048,127.3038296636472,62.04107332787811,0.0,80.41404836928696,2044.0080183721457,-4677.5306986750675,127.89056633279058,68.36222828377826,0.0,290.2304583917971,0.0
21,26,396.17712939911837,-4497.645186252934,127.3038296636472,62.04107332787811,0.0,80.41404836928696,1979.8631017602884,-4653.891241642781,127.89056633279058,68.36222828377826,0.0,290.2304583917971,0.0
21,27,457.3519168615735,-4487.313673362819,127.3038296636472,62.04107332787811,0.0,80.41404836928696,1915.7181851484313,-4630.251784610495,127.89056633279058,68.36222828377826,0.0,290.2304583917971,0.0
21,28,518.5267043240286,-4476.982160472705,127.3038296636472,62.04107332787811,0.0,80.41404836928696,1851.573268536574,-4606.612327578209,127.89056633279058,68.36222828377826,0.0,290.2304583917971,0.0
21,29,579.7014917864836,-4466.65064758259,127.3038296636472,62.04107332787811,0.0,80.41404836928696,1787.4283519247167,-4582.972870545924,127.89056633279058,68.36222828377826,0.0,290.2304583917971,0.0
21,30,640.8762792489385,-4456.319134692476,127.3038296636472,62.04107332787811,0.0,80.41404836928696,1723.2834353128596,-4559.333413513637,127.89056633279058,68.36222828377826,0.0,290.2304583917971,0.0
21,31,702.0510667113938,-4445.987621802361,127.3038296636472,62.04107332787811,0.0,80.41404836928696,1659.1385187010023,-4535.693956481352,127.89056633279058,68.36222828377826,0.0,290.2304583917971,0.0
21,32,763.2258541738488,-4435.656108912247,127.3038296636472,62.04107332787811,0.0,80.41404836928696,1594.993602089145,-4512.054499449066,127.89056633279058,68.36222828377826,0.0,290.2304583917971,0.0
21,33,824.4006416363038,-4425.324596022133,127.3038296636472,62.04107332787811,0.0,80.41404836928696,1530.8486854772877,-4488.41504241678,127.89056633279058,68.36222828377826,0.0,290.2304583917971,0.0
21,34,885.5754290987588,-4414.993083132018,127.3038296636472,62.04107332787811,0.0,80.41404836928696,1466.7037688654304,-4464.775585384494,127.89056633279058,68.36222828377826,0.0,290.2304583917971,0.0
21,35,946.750216561214,-4404.661570241904,127.3038296636472,62.04107332787811,0.0,80.41404836928696,1402.5588522535731,-4441.136128352208,127.89056633279058,68.36222828377826,0.0,290.2304583917971,0.0
21,36,1007.925004023669,-4394.330057351789,127.3038296636472,62.04107332787811,0.0,80.41404836928696,1338.413935641716,-4417.496671319922,127.89056633279058,68.36222828377826,0.0,290.2304583917971,0.0
21,37,1069.099791486124,-4383.998544461675,127.3038296636472,62.04107332787811,0.0,80.41404836928696,1274.2690190298588,-4393.857214287636,127.89056633279058,68.36222828377826,0.0,290.2304583917971,0.0
21,38,1130.2745789485791,-4373.66703157156,127.3038296636472,62.04107332787811,0.0,80.41404836928696,1210.1241024180015,-4370.21775725535,127.89056633279058,68.36222828377826,0.0,290.2304583917971,0.0
21,39,1191.4493664110341,-4363.335518681446,127.3038296636472,62.04107332787811,0.0,80.41404836928696,1145.9791858061442,-4346.578300223065,127.89056633279058,68.36222828377826,0.0,290.2304583917971,0.0
21,40,1252.6241538734891,-4353.004005791332,127.3038296636472,62.04107332787811,0.0,80.41404836928696,1081.834269194287,-4322.938843190778,127.89056633279058,68.36222828377826,0.0,290.2304583917971,0.0
21,41,1313.7989413359442,-4342.672492901217,127.3038296636472,62.04107332787811,0.0,80.41404836928696,1017.6893525824297,-4299.299386158493,127.89056633279058,68.36222828377826,0.0,290.2304583917971,0.0
21,42,1374.9737287983994,-4332.340980011103,127.3038296636472,62.04107332787811,0.0,80.41404836928696,953.5444359705725,-4275.659929126206,127.89056633279058,68.36222828377826,0.0,290.2304583917971,0.0
21,43,1436.1485162608544,-4322.009467120988,127.3038296636472,62.04107332787811,0.0,80.41404836928696,889.3995193587152,-4252.020472093921,127.89056633279058,68.36222828377826,0.0,290.2304583917971,0.0
21,44,1497.3233037233094,-4311.677954230874,127.3038296636472,62.04107332787811,0.0,80.41404836928696,825.2546027468579,-4228.381015061635,127.89056633279058,68.36222828377826,0.0,290.2304583917971,0.0
21,45,1558.4980911857645,-4301.346441340759,127.3038296636472,62.04107332787811,0.0,80.41404836928696,761.1096861350007,-4204.741558029349,127.89056633279058,68.36222828377826,0.0,290.2304583917971,0.0
21,46,1619.6728786482195,-4291.014928450645,127.3038296636472,62.04107332787811,0.0,80.41404836928696,696.9647695231434,-4181.102100997063,127.89056633279058,68.36222828377826,0.0,290.2304583917971,0.0
21,47,1680.8476661106745,-4280.683415560531,127.3038296636472,62.04107332787811,0.0,80.41404836928696,632.8198529112863,-4157.462643964777,127.89056633279058,68.36222828377826,0.0,290.2304583917971,0.0
21,48,1742.0224535731297,-4270.351902670416,127.3038296636472,62.04107332787811,0.0,80.41404836928696,568.674936299429,-4133.823186932491,127.89056633279058,68.36222828377826,0.0,290.2304583917971,0.0
21,49,1803.1972410355847,-4260.020389780302,127.3038296636472,62.04107332787811,0.0,80.41404836928696,504.5300196875718,-4110.183729900205,127.89056633279058,68.36222828377826,0.0,290.2304583917971,0.0
22,0,2278.948035474339,3766.1794838260635,-276.7239829992868,66.0937561508555,0.0,283.1124478473085,-2811.042267735983,4225.477161180454,-301.8547486696031,68.7545844119982,0.0,447.2151496501258,0.0
22,1,2214.577561460415,3781.173705291395,-276.7239829992868,66.0937561508555,0.0,283.1124478473085,-2742.3688811917195,4228.817648900647,-301.8547486696031,68.7545844119982,0.0,447.2151496501258,0.0
22,2,2150.20708744649,3796.1679267567274,-276.7239829992868,66.0937561508555,0.0,283.1124478473085,-2673.6954946474566,4232.15813662084,-301.8547486696031,68.7545844119982,0.0,447.2151496501258,0.0
22,3,2085.8366134325656,3811.162148222059,-276.7239829992868,66.0937561508555,0.0,283.1124478473085,-2605.0221081031927,4235.498624341033,-301.8547486696031,68.7545844119982,0.0,447.2151496501258,0.0
22,4,2021.4661394186414,3826.156369687391,-276.7239829992868,66.0937561508555,0.0,283.1124478473085,-2536.348721558929,4238.839112061226,-301.8547486696031,68.7545844119982,0.0,447.2151496501258,0.0
22,5,1957.0956654047168,3841.150591152723,-276.7239829992868,66.0937561508555,0.0,283.1124478473085,-2467.675335014666,4242.17959978142,-301.8547486696031,68.7545844119982,0.0,447.2151496501258,0.0
22,6,1892.7251913907921,3856.144812618055,-276.7239829992868,66.0937561508555,0.0,283.1124478473085,-2399.0019484704026,4245.520087501613,-301.8547486696031,68.7545844119982,0.0,447.2151496501258,0.0
22,7,1828.354717376868,3871.139034083387,-276.7239829992868,66.0937561508555,0.0,283.1124478473085,-2330.328561926139,4248.860575221806,-301.8547486696031,68.7545844119982,0.0,447.2151496501258,0.0
22,8,1763.9842433629435,3886.133255548719,-276.7239829992868,66.0937561508555,0.0,283.1124478473085,-2261.655175381876,4252.201062941999,-301.8547486696031,68.7545844119982,0.0,447.2151496501258,0.0
22,9,1699.6137693490189,3901.127477014051,-276.7239829992868,66.0937561508555,0.0,283.1124478473085,-2192.981788837612,4255.541550662192,-301.8547486696031,68.7545844119982,0.0,447.2151496501258,0.0
22,10,1635.2432953350942,3916.1216984793828,-276.7239829992868,66.0937561508555,0.0,283.1124478473085,-2124.308402293349,4258.882038382386,-301.8547486696031,68.7545844119982,0.0,447.2151496501258,0.0
22,11,1570.8728213211698,3931.1159199447147,-276.7239829992868,66.0937561508555,0.0,283.1124478473085,-2055.635015749085,4262.222526102579,-301.8547486696031,68.7545844119982,0.0,447.2151496501258,0.0
22,12,1506.5023473072454,3946.1101414100467,-276.7239829992868,66.0937561508555,0.0,283.1124478473085,-1986.961629204822,4265.563013822772,-301.8547486696031,68.7545844119982,0.0,447.2151496501258,0.0
22,13,1442.131873293321,3961.1043628753787,-276.7239829992868,66.0937561508555,0.0,283.1124478473085,-1918.2882426605584,4268.903501542965,-301.8547486696031,68.7545844119982,0.0,447.2151496501258,0.0
22,14,1377.7613992793963,3976.0985843407107,-276.7239829992868,66.0937561508555,0.0,283.1124478473085,-1849.614856116295,4272.243989263158,-301.8547486696031,68.7545844119982,0.0,447.2151496501258,0.0
22,15,1313.3909252654719,3991.0928058060426,-276.7239829992868,66.0937561508555,0.0,283.1124478473085,-1780.9414695720316,4275.584476983351,-301.8547486696031,68.7545844119982,0.0,447.2151496501258,0.0
22,16,1249.0204512515475,4006.0870272713746,-276.7239829992868,66.0937561508555,0.0,283.1124478473085,-1712.2680830277682,4278.924964703545,-301.8547486696031,68.7545844119982,0.0,447.2151496501258,0.0
22,17,1184.6499772376228,4021.0812487367066,-276.7239829992868,66.0937561508555,0.0,283.1124478473085,-1643.5946964835048,4282.265452423738,-301.8547486696031,68.7545844119982,0.0,447.2151496501258,0.0
22,18,1120.2795032236984,4036.075470202038,-276.7239829992868,66.0937561508555,0.0,283.1124478473085,-1574.9213099392412,4285.605940143932,-301.8547486696031,68.7545844119982,0.0,447.2151496501258,0.0
22,19,1055.909029209774,4051.06969166737,-276.7239829992868,66.0937561508555,0.0,283.1124478473085,-1506.2479233949778,4288.946427864124,-301.8547486696031,68.7545844119982,0.0,447.2151496501258,0.0
22,20,991.5385551958495,4066.063913132702,-276.7239829992868,66.0937561508555,0.0,283.1124478473085,-1437.5745368507144,4292.286915584317,-301.8547486696031,68.7545844119982,0.0,447.2151496501258,0.0
22,21,927.1680811819249,4081.058134598034,-276.7239829992868,66.0937561508555,0.0,283.1124478473085,-1368.901150306451,4295.627403304511,-301.8547486696031,68.7545844119982,0.0,447.2151496501258,0.0
22,22,862.7976071680005,4096.0523560633665,-276.7239829992868,66.0937561508555,0.0,283.1124478473085,-1300.2277637621874,4298.967891024704,-301.8547486696031,68.7545844119982,0.0,447.2151496501258,0.0
22,23,798.427133154076,4111.046577528698,-276.7239829992868,66.0937561508555,0.0,283.1124478473085,-1231.554377217924,4302.308378744897,-301.8547486696031,68.7545844119982,0.0,447.2151496501258,0.0
22,24,734.0566591401515,4126.04079899403,-276.7239829992868,66.0937561508555,0.0,283.1124478473085,-1162.8809906736606,4305.648866465091,-301.8547486696031,68.7545844119982,0.0,447.2151496501258,0.0
22,25,669.686185126227,4141.0350204593615,-276.7239829992868,66.0937561508555,0.0,283.1124478473085,-1094.2076041293972,4308.989354185283,-301.8547486696031,68.7545844119982,0.0,447.2151496501258,0.0
22,26,605.3157111123026,4156.029241924693,-276.7239829992868,66.0937561508555,0.0,283.1124478473085,-1025.5342175851338,4312.329841905476,-301.8547486696031,68.7545844119982,0.0,447.2151496501258,0.0
22,27,540.945237098378,4171.023463390025,-276.7239829992868,66.0937561508555,0.0,283.1124478473085,-956.8608310408703,4315.67032962567,-301.8547486696031,68.7545844119982,0.0,447.2151496501258,0.0
22,28,476.5747630844535,4186.017684855357,-276.7239829992868,66.0937561508555,0.0,283.1124478473085,-888.1874444966068,4319.010817345863,-301.8547486696031,68.7545844119982,0.0,447.2151496501258,0.0
22,29,412.20428907052906,4201.011906320689,-276.7239829992868,66.0937561508555,0.0,283.1124478473085,-819.5140579523434,4322.351305066056,-301.8547486696031,68.7545844119982,0.0,447.2151496501258,0.0
22,30,347.8338150566045,4216.006127786021,-276.7239829992868,66.0937561508555,0.0,283.1124478473085,-750.8406714080799,4325.69179278625,-301.8547486696031,68.7545844119982,0.0,447.2151496501258,0.0
22,31,283.4633410426801,4231.000349251353,-276.7239829992868,66.0937561508555,0.0,283.1124478473085,-682.1672848638163,4329.0322805064425,-301.8547486696031,68.7545844119982,0.0,447.2151496501258,0.0
22,32,219.09286702875556,4245.994570716685,-276.7239829992868,66.0937561508555,0.0,283.1124478473085,-613.493898319553,4332.372768226635,-301.8547486696031,68.7545844119982,0.0,447.2151496501258,0.0
22,33,154.72239301483108,4260.988792182017,-276.7239829992868,66.0937561508555,0.0,283.1124478473085,-544.8205117752896,4335.713255946829,-301.8547486696031,68.7545844119982,0.0,447.2151496501258,0.0
22,34,90.3519190009066,4275.983013647349,-276.7239829992868,66.0937561508555,0.0,283.1124478473085,-476.14712523102605,4339.053743667022,-301.8547486696031,68.7545844119982,0.0,447.2151496501258,0.0
22,35,25.981444986982126,4290.977235112681,-276.7239829992868,66.0937561508555,0.0,283.1124478473085,-407.4737386867626,4342.394231387215,-301.8547486696031,68.7545844119982,0.0,447.2151496501258,0.0
22,36,-38.38902902694238,4305.971456578013,-276.7239829992868,66.0937561508555,0.0,283.1124478473085,-338.80035214249915,4345.734719107409,-301.8547486696031,68.7545844119982,0.0,447.2151496501258,0.0
22,37,-102.75950304086686,4320.965678043345,-276.7239829992868,66.0937561508555,0.0,283.1124478473085,-270.1269655982357,4349.0752068276015,-301.8547486696031,68.7545844119982,0.0,447.2151496501258,0.0
22,38,-167.12997705479137,4335.959899508677,-276.7239829992868,66.0937561508555,0.0,283.1124478473085,-201.45357905397228,4352.415694547795,-301.8547486696031,68.7545844119982,0.0,447.2151496501258,0.0
22,39,-231.50045106871585,4350.954120974009,-276.7239829992868,66.0937561508555,0.0,283.1124478473085,-132.78019250970883,4355.756182267988,-301.8547486696031,68.7545844119982,0.0,447.2151496501258,0.0
22,40,-295.8709250826403,4365.948342439341,-276.7239829992868,66.0937561508555,0.0,283.1124478473085,-64.10680596544537,4359.096669988181,-301.8547486696031,68.7545844119982,0.0,447.2151496501258,0.0
22,41,-360.2413990965648,4380.942563904673,-276.7239829992868,66.0937561508555,0.0,283.1124478473085,4.566580578818076,4362.437157708375,-301.8547486696031,68.7545844119982,0.0,447.2151496501258,0.0
22,42,-424.61187311048934,4395.936785370005,-276.7239829992868,66.0937561508555,0.0,283.1124478473085,73.23996712308156,4365.777645428568,-301.8547486696031,68.7545844119982,0.0,447.2151496501258,0.0
22,43,-488.9823471244138,4410.931006835337,-276.7239829992868,66.0937561508555,0.0,283.1124478473085,141.913353667345,4369.1181331487605,-301.8547486696031,68.7545844119982,0.0,447.2151496501258,0.0
22,44,-553.3528211383383,4425.925228300669,-276.7239829992868,66.0937561508555,0.0,283.1124478473085,210.5867402116084,4372.458620868954,-301.8547486696031,68.7545844119982,0.0,447.2151496501258,0.0
22,45,-617.7232951522628,4440.919449766001,-276.7239829992868,66.0937561508555,0.0,283.1124478473085,279.26012675587185,4375.799108589147,-301.8547486696031,68.7545844119982,0.0,447.2151496501258,0.0
22,46,-682.0937691661873,4455.913671231333,-276.7239829992868,66.0937561508555,0.0,283.1124478473085,347.93351330013525,4379.13959630934,-301.8547486696031,68.7545844119982,0.0,447.2151496501258,0.0
22,47,-746.4642431801118,4470.907892696665,-276.7239829992868,66.0937561508555,0.0,283.1124478473085,416.60689984439875,4382.480084029534,-301.8547486696031,68.7545844119982,0.0,447.2151496501258,0.0
22,48,-810.8347171940362,4485.902114161997,-276.7239829992868,66.0937561508555,0.0,283.1124478473085,485.28028638866215,4385.820571749727,-301.8547486696031,68.7545844119982,0.0,447.2151496501258,0.0
22,49,-875.2051912079608,4500.896335627329,-276.7239829992868,66.0937561508555,0.0,283.1124478473085,553.9536729329255,4389.16105946992,-301.8547486696031,68.7545844119982,0.0,447.2151496501258,0.0
23,0,-4059.3083429976,-2394.863624977459,-13.820870277915674,63.637267929056726,0.0,356.2369089049475,-3557.3302894866683,2287.5288907983327,-25.565713694828343,60.18319316277419,0.0,556.7730356833658,0.0
23,1,-4063.4849282312825,-2331.3635619439447,-13.820870277915674,63.637267929056726,0.0,356.2369089049475,-3574.6980296946117,2229.9061666407824,-25.565713694828343,60.18319316277419,0.0,556.7730356833658,0.0
23,2,-4067.6615134649646,-2267.8634989104303,-13.820870277915674,63.637267929056726,0.0,356.2369089049475,-3592.0657699025555,2172.2834424832317,-25.565713694828343,60.18319316277419,0.0,556.7730356833658,0.0
23,3,-4071.838098698647,-2204.363435876915,-13.820870277915674,63.637267929056726,0.0,356.2369089049475,-3609.4335101104994,2114.660718325681,-25.565713694828343,60.18319316277419,0.0,556.7730356833658,0.0
23,4,-4076.0146839323293,-2140.8633728434006,-13.820870277915674,63.637267929056726,0.0,356.2369089049475,-3626.8012503184427,2057.0379941681304,-25.565713694828343,60.18319316277419,0.0,556.7730356833658,0.0
23,5,-4080.191269166012,-2077.363309809886,-13.820870277915674,63.637267929056726,0.0,356.2369089049475,-3644.1689905263866,1999.4152700105801,-25.565713694828343,60.18319316277419,0.0,556.7730356833658,0.0
23,6,-4084.367854399694,-2013.8632467763714,-13.820870277915674,63.637267929056726,0.0,356.2369089049475,-3661.5367307343304,1941.7925458530294,-25.565713694828343,60.18319316277419,0.0,556.7730356833658,0.0
23,7,-4088.5444396333764,-1950.3631837428563,-13.820870277915674,63.637267929056726,0.0,356.2369089049475,-3678.9044709422737,1884.1698216954787,-25.565713694828343,60.18319316277419,0.0,556.7730356833658,0.0
23,8,-4092.7210248670585,-1886.8631207093417,-13.820870277915674,63.637267929056726,0.0,356.2369089049475,-3696.2722111502176,1826.5470975379283,-25.565713694828343,60.18319316277419,0.0,556.7730356833658,0.0
23,9,-4096.897610100741,-1823.363057675827,-13.820870277915674,63.637267929056726,0.0,356.2369089049475,-3713.639951358161,1768.9243733803776,-25.565713694828343,60.18319316277419,0.0,556.7730356833658,0.0
23,10,-4101.074195334423,-1759.8629946423123,-13.820870277915674,63.637267929056726,0.0,356.2369089049475,-3731.0076915661048,1711.301649222827,-25.565713694828343,60.18319316277419,0.0,556.7730356833658,0.0
23,11,-4105.250780568105,-1696.3629316087975,-13.820870277915674,63.637267929056726,0.0,356.2369089049475,-3748.3754317740486,1653.6789250652764,-25.565713694828343,60.18319316277419,0.0,556.7730356833658,0.0
23,12,-4109.427365801788,-1632.862868575283,-13.820870277915674,63.637267929056726,0.0,356.2369089049475,-3765.7431719819924,1596.0562009077257,-25.565713694828343,60.18319316277419,0.0,556.7730356833658,0.0
23,13,-4113.60395103547,-1569.3628055417685,-13.820870277915674,63.637267929056726,0.0,356.2369089049475,-3783.110912189936,1538.4334767501753,-25.565713694828343,60.18319316277419,0.0,556.7730356833658,0.0
23,14,-4117.780536269152,-1505.8627425082536,-13.820870277915674,63.637267929056726,0.0,356.2369089049475,-3800.4786523978796,1480.8107525926246,-25.565713694828343,60.18319316277419,0.0,556.7730356833658,0.0
23,15,-4121.957121502835,-1442.362679474739,-13.820870277915674,63.637267929056726,0.0,356.2369089049475,-3817.8463926058234,1423.188028435074,-25.565713694828343,60.18319316277419,0.0,556.7730356833658,0.0
23,16,-4126.1337067365175,-1378.8626164412242,-13.820870277915674,63.637267929056726,0.0,356.2369089049475,-3835.214132813767,1365.5653042775234,-25.565713694828343,60.18319316277419,0.0,556.7730356833658,0.0
23,17,-4130.3102919702,-1315.3625534077096,-13.820870277915674,63.637267929056726,0.0,356.2369089049475,-3852.5818730217106,1307.942580119973,-25.565713694828343,60.18319316277419,0.0,556.7730356833658,0.0
23,18,-4134.486877203882,-1251.862490374195,-13.820870277915674,63.637267929056726,0.0,356.2369089049475,-3869.9496132296545,1250.3198559624223,-25.565713694828343,60.18319316277419,0.0,556.7730356833658,0.0
23,19,-4138.663462437565,-1188.3624273406801,-13.820870277915674,63.637267929056726,0.0,356.2369089049475,-3887.3173534375983,1192.6971318048716,-25.565713694828343,60.18319316277419,0.0,556.7730356833658,0.0
23,20,-4142.840047671247,-1124.8623643071655,-13.820870277915674,63.637267929056726,0.0,356.2369089049475,-3904.6850936455417,1135.074407647321,-25.565713694828343,60.18319316277419,0.0,556.7730356833658,0.0
23,21,-4147.016632904929,-1061.3623012736507,-13.820870277915674,63.637267929056726,0.0,356.2369089049475,-3922.0528338534855,1077.4516834897704,-25.565713694828343,60.18319316277419,0.0,556.7730356833658,0.0
23,22,-4151.193218138611,-997.8622382401361,-13.820870277915674,63.637267929056726,0.0,356.2369089049475,-3939.4205740614293,1019.8289593322199,-25.565713694828343,60.18319316277419,0.0,556.7730356833658,0.0
23,23,-4155.369803372294,-934.3621752066214,-13.820870277915674,63.637267929056726,0.0,356.2369089049475,-3956.7883142693727,962.2062351746692,-25.565713694828343,60.18319316277419,0.0,556.7730356833658,0.0
23,24,-4159.546388605976,-870.8621121731067,-13.820870277915674,63.637267929056726,0.0,356.2369089049475,-3974.1560544773165,904.5835110171186,-25.565713694828343,60.18319316277419,0.0,556.7730356833658,0.0
23,25,-4163.722973839658,-807.3620491395919,-13.820870277915674,63.637267929056726,0.0,356.2369089049475,-3991.52379468526,846.9607868595681,-25.565713694828343,60.18319316277419,0.0,556.7730356833658,0.0
23,26,-4167.899559073341,-743.8619861060774,-13.820870277915674,63.637267929056726,0.0,356.2369089049475,-4008.8915348932037,789.3380627020174,-25.565713694828343,60.18319316277419,0.0,556.7730356833658,0.0
23,27,-4172.076144307023,-680.3619230725627,-13.820870277915674,63.637267929056726,0.0,356.2369089049475,-4026.2592751011475,731.7153385444669,-25.565713694828343,60.18319316277419,0.0,556.7730356833658,0.0
23,28,-4176.252729540705,-616.861860039048,-13.820870277915674,63.637267929056726,0.0,356.2369089049475,-4043.6270153090913,674.0926143869162,-25.565713694828343,60.18319316277419,0.0,556.7730356833658,0.0
23,29,-4180.429314774387,-553.3617970055333,-13.820870277915674,63.637267929056726,0.0,356.2369089049475,-4060.9947555170347,616.4698902293657,-25.565713694828343,60.18319316277419,0.0,556.7730356833658,0.0
23,30,-4184.60590000807,-489.86173397201856,-13.820870277915674,63.637267929056726,0.0,356.2369089049475,-4078.3624957249785,558.8471660718151,-25.565713694828343,60.18319316277419,0.0,556.7730356833658,0.0
23,31,-4188.7824852417525,-426.3616709385039,-13.820870277915674,63.637267929056726,0.0,356.2369089049475,-4095.7302359329224,501.22444191426445,-25.565713694828343,60.18319316277419,0.0,556.7730356833658,0.0
23,32,-4192.959070475435,-362.86160790498917,-13.820870277915674,63.637267929056726,0.0,356.2369089049475,-4113.097976140866,443.60171775671387,-25.565713694828343,60.18319316277419,0.0,556.7730356833658,0.0
23,33,-4197.135655709117,-299.36154487147456,-13.820870277915674,63.637267929056726,0.0,356.2369089049475,-4130.465716348809,385.9789935991633,-25.565713694828343,60.18319316277419,0.0,556.7730356833658,0.0
23,34,-4201.3122409428,-235.86148183795984,-13.820870277915674,63.637267929056726,0.0,356.2369089049475,-4147.833456556753,328.35626944161265,-25.565713694828343,60.18319316277419,0.0,556.7730356833658,0.0
23,35,-4205.488826176482,-172.36141880444515,-13.820870277915674,63.637267929056726,0.0,356.2369089049475,-4165.201196764697,270.7335452840621,-25.565713694828343,60.18319316277419,0.0,556.7730356833658,0.0
23,36,-4209.665411410164,-108.86135577093049,-13.820870277915674,63.637267929056726,0.0,356.2369089049475,-4182.568936972641,213.11082112651147,-25.565713694828343,60.18319316277419,0.0,556.7730356833658,0.0
23,37,-4213.841996643846,-45.36129273741578,-13.820870277915674,63.637267929056726,0.0,356.2369089049475,-4199.936677180584,155.48809696896086,-25.565713694828343,60.18319316277419,0.0,556.7730356833658,0.0
23,38,-4218.018581877529,18.138770296098905,-13.820870277915674,63.637267929056726,0.0,356.2369089049475,-4217.304417388528,97.86537281141025,-25.565713694828343,60.18319316277419,0.0,556.7730356833658,0.0
23,39,-4222.195167111211,81.63883332961359,-13.820870277915674,63.637267929056726,0.0,356.2369089049475,-4234.672157596472,40.24264865385966,-25.565713694828343,60.18319316277419,0.0,556.7730356833658,0.0
23,40,-4226.371752344893,145.13889636312828,-13.820870277915674,63.637267929056726,0.0,356.2369089049475,-4252.039897804415,-17.380075503690946,-25.565713694828343,60.18319316277419,0.0,556.7730356833658,0.0
23,41,-4230.548337578576,208.63895939664297,-13.820870277915674,63.637267929056726,0.0,356.2369089049475,-4269.407638012359,-75.00279966124154,-25.565713694828343,60.18319316277419,0.0,556.7730356833658,0.0
23,42,-4234.724922812258,272.13902243015764,-13.820870277915674,63.637267929056726,0.0,356.2369089049475,-4286.775378220303,-132.62552381879215,-25.565713694828343,60.18319316277419,0.0,556.7730356833658,0.0
23,43,-4238.90150804594,335.63908546367236,-13.820870277915674,63.637267929056726,0.0,356.2369089049475,-4304.143118428246,-190.24824797634272,-25.565713694828343,60.18319316277419,0.0,556.7730356833658,0.0
23,44,-4243.078093279622,399.139148497187,-13.820870277915674,63.637267929056726,0.0,356.2369089049475,-4321.51085863619,-247.8709721338933,-25.565713694828343,60.18319316277419,0.0,556.7730356833658,0.0
23,45,-4247.254678513305,462.63921153070174,-13.820870277915674,63.637267929056726,0.0,356.2369089049475,-4338.878598844134,-305.49369629144394,-25.565713694828343,60.18319316277419,0.0,556.7730356833658,0.0
23,46,-4251.4312637469875,526.1392745642163,-13.820870277915674,63.637267929056726,0.0,356.2369089049475,-4356.246339052077,-363.1164204489945,-25.565713694828343,60.18319316277419,0.0,556.7730356833658,0.0
23,47,-4255.60784898067,589.6393375977311,-13.820870277915674,63.637267929056726,0.0,356.2369089049475,-4373.614079260021,-420.7391446065451,-25.565713694828343,60.18319316277419,0.0,556.7730356833658,0.0
23,48,-4259.784434214352,653.1394006312457,-13.820870277915674,63.637267929056726,0.0,356.2369089049475,-4390.981819467965,-478.3618687640958,-25.565713694828343,60.18319316277419,0.0,556.7730356833658,0.0
23,49,-4263.961019448035,716.6394636647605,-13.820870277915674,63.637267929056726,0.0,356.2369089049475,-4408.3495596759085,-535.9845929216463,-25.565713694828343,60.18319316277419,0.0,556.7730356833658,0.0
24,0,166.6282329042176,6830.6909703900765,220.57606880565845,63.79761716665475,0.0,138.64587052190186,3603.8199493538023,3384.9586628226853,225.22235266381333,63.447777455893494,0.0,311.3474142845595,0.0
24,1,208.78002804714288,6782.801909819086,220.57606880565845,63.79761716665475,0.0,138.64587052190186,3556.188579690634,3426.8737327630206,225.22235266381333,63.447777455893494,0.0,311.3474142845595,0.0
24,2,250.93182319006792,6734.912849248097,220.57606880565845,63.79761716665475,0.0,138.64587052190186,3508.5572100274658,3468.788802703356,225.22235266381333,63.447777455893494,0.0,311.3474142845595,0.0
24,3,293.08361833299296,6687.023788677107,220.57606880565845,63.79761716665475,0.0,138.64587052190186,3460.925840364297,3510.7038726436913,225.22235266381333,63.447777455893494,0.0,311.3474142845595,0.0
24,4,335.2354134759182,6639.134728106117,220.57606880565845,63.79761716665475,0.0,138.64587052190186,3413.2944707011293,3552.6189425840266,225.22235266381333,63.447777455893494,0.0,311.3474142845595,0.0
24,5,377.38720861884326,6591.245667535128,220.57606880565845,63.79761716665475,0.0,138.64587052190186,3365.663101037961,3594.534012524362,225.22235266381333,63.447777455893494,0.0,311.3474142845595,0.0
24,6,419.5390037617683,6543.356606964138,220.57606880565845,63.79761716665475,0.0,138.64587052190186,3318.0317313747923,3636.4490824646973,225.22235266381333,63.447777455893494,0.0,311.3474142845595,0.0
24,7,461.69079890469357,6495.467546393149,220.57606880565845,63.79761716665475,0.0,138.64587052190186,3270.400361711624,3678.3641524050327,225.22235266381333,63.447777455893494,0.0,311.3474142845595,0.0
24,8,503.8425940476186,6447.578485822159,220.57606880565845,63.79761716665475,0.0,138.64587052190186,3222.7689920484563,3720.279222345368,225.22235266381333,63.447777455893494,0.0,311.3474142845595,0.0
24,9,545.9943891905436,6399.689425251169,220.57606880565845,63.79761716665475,0.0,138.64587052190186,3175.1376223852876,3762.1942922857033,225.22235266381333,63.447777455893494,0.0,311.3474142845595,0.0
24,10,588.1461843334689,6351.800364680179,220.57606880565845,63.79761716665475,0.0,138.64587052190186,3127.50625272212,3804.1093622260387,225.22235266381333,63.447777455893494,0.0,311.3474142845595,0.0
24,11,630.297979476394,6303.91130410919,220.57606880565845,63.79761716665475,0.0,138.64587052190186,3079.874883058951,3846.024432166374,225.22235266381333,63.447777455893494,0.0,311.3474142845595,0.0
24,12,672.449774619319,6256.0222435382,220.57606880565845,63.79761716665475,0.0,138.64587052190186,3032.2435133957833,3887.9395021067094,225.22235266381333,63.447777455893494,0.0,311.3474142845595,0.0
24,13,714.6015697622443,6208.133182967211,220.57606880565845,63.79761716665475,0.0,138.64587052190186,2984.6121437326146,3929.8545720470447,225.22235266381333,63.447777455893494,0.0,311.3474142845595,0.0
24,14,756.7533649051693,6160.244122396221,220.57606880565845,63.79761716665475,0.0,138.64587052190186,2936.980774069447,3971.76964198738,225.22235266381333,63.447777455893494,0.0,311.3474142845595,0.0
24,15,798.9051600480944,6112.355061825231,220.57606880565845,63.79761716665475,0.0,138.64587052190186,2889.349404406278,4013.6847119277154,225.22235266381333,63.447777455893494,0.0,311.3474142845595,0.0
24,16,841.0569551910195,6064.466001254242,220.57606880565845,63.79761716665475,0.0,138.64587052190186,2841.7180347431104,4055.5997818680507,225.22235266381333,63.447777455893494,0.0,311.3474142845595,0.0
24,17,883.2087503339446,6016.576940683251,220.57606880565845,63.79761716665475,0.0,138.64587052190186,2794.0866650799417,4097.514851808386,225.22235266381333,63.447777455893494,0.0,311.3474142845595,0.0
24,18,925.3605454768698,5968.687880112262,220.57606880565845,63.79761716665475,0.0,138.64587052190186,2746.455295416774,4139.429921748721,225.22235266381333,63.447777455893494,0.0,311.3474142845595,0.0
24,19,967.5123406197948,5920.798819541273,220.57606880565845,63.79761716665475,0.0,138.64587052190186,2698.823925753605,4181.344991689057,225.22235266381333,63.447777455893494,0.0,311.3474142845595,0.0
24,20,1009.66413576272,5872.909758970283,220.57606880565845,63.79761716665475,0.0,138.64587052190186,2651.1925560904374,4223.260061629392,225.22235266381333,63.447777455893494,0.0,311.3474142845595,0.0
24,21,1051.815930905645,5825.020698399293,220.57606880565845,63.79761716665475,0.0,138.64587052190186,2603.5611864272687,4265.1751315697275,225.22235266381333,63.447777455893494,0.0,311.3474142845595,0.0
24,22,1093.96772604857,5777.131637828304,220.57606880565845,63.79761716665475,0.0,138.64587052190186,2555.929816764101,4307.090201510063,225.22235266381333,63.447777455893494,0.0,311.3474142845595,0.0
24,23,1136.1195211914953,5729.242577257314,220.57606880565845,63.79761716665475,0.0,138.64587052190186,2508.298447100932,4349.005271450398,225.22235266381333,63.447777455893494,0.0,311.3474142845595,0.0
24,24,1178.2713163344204,5681.353516686324,220.57606880565845,63.79761716665475,0.0,138.64587052190186,2460.6670774377644,4390.9203413907335,225.22235266381333,63.447777455893494,0.0,311.3474142845595,0.0
24,25,1220.4231114773456,5633.4644561153345,220.57606880565845,63.79761716665475,0.0,138.64587052190186,2413.0357077745957,4432.835411331069,225.22235266381333,63.447777455893494,0.0,311.3474142845595,0.0
24,26,1262.5749066202707,5585.575395544345,220.57606880565845,63.79761716665475,0.0,138.64587052190186,2365.404338111428,4474.750481271404,225.22235266381333,63.447777455893494,0.0,311.3474142845595,0.0
24,27,1304.7267017631957,5537.686334973356,220.57606880565845,63.79761716665475,0.0,138.64587052190186,2317.7729684482597,4516.6655512117395,225.22235266381333,63.447777455893494,0.0,311.3474142845595,0.0
24,28,1346.8784969061207,5489.7972744023655,220.57606880565845,63.79761716665475,0.0,138.64587052190186,2270.1415987850914,4558.580621152075,225.22235266381333,63.447777455893494,0.0,311.3474142845595,0.0
24,29,1389.030292049046,5441.908213831376,220.57606880565845,63.79761716665475,0.0,138.64587052190186,2222.5102291219227,4600.49569109241,225.22235266381333,63.447777455893494,0.0,311.3474142845595,0.0
24,30,1431.182087191971,5394.019153260387,220.57606880565845,63.79761716665475,0.0,138.64587052190186,2174.878859458755,4642.4107610327455,225.22235266381333,63.447777455893494,0.0,311.3474142845595,0.0
24,31,1473.3338823348963,5346.130092689396,220.57606880565845,63.79761716665475,0.0,138.64587052190186,2127.2474897955867,4684.325830973081,225.22235266381333,63.447777455893494,0.0,311.3474142845595,0.0
24,32,1515.4856774778214,5298.241032118407,220.57606880565845,63.79761716665475,0.0,138.64587052190186,2079.6161201324185,4726.240900913416,225.22235266381333,63.447777455893494,0.0,311.3474142845595,0.0
24,33,1557.6374726207464,5250.351971547418,220.57606880565845,63.79761716665475,0.0,138.64587052190186,2031.98475046925,4768.155970853752,225.22235266381333,63.447777455893494,0.0,311.3474142845595,0.0
24,34,1599.7892677636714,5202.462910976428,220.57606880565845,63.79761716665475,0.0,138.64587052190186,1984.3533808060818,4810.071040794087,225.22235266381333,63.447777455893494,0.0,311.3474142845595,0.0
24,35,1641.9410629065967,5154.573850405438,220.57606880565845,63.79761716665475,0.0,138.64587052190186,1936.7220111429135,4851.986110734422,225.22235266381333,63.447777455893494,0.0,311.3474142845595,0.0
24,36,1684.0928580495217,5106.684789834449,220.57606880565845,63.79761716665475,0.0,138.64587052190186,1889.0906414797453,4893.901180674758,225.22235266381333,63.447777455893494,0.0,311.3474142845595,0.0
24,37,1726.2446531924468,5058.795729263459,220.57606880565845,63.79761716665475,0.0,138.64587052190186,1841.459271816577,4935.816250615093,225.22235266381333,63.447777455893494,0.0,311.3474142845595,0.0
24,38,1768.396448335372,5010.906668692469,220.57606880565845,63.79761716665475,0.0,138.64587052190186,1793.8279021534088,4977.731320555428,225.22235266381333,63.447777455893494,0.0,311.3474142845595,0.0
24,39,1810.548243478297,4963.0176081214795,220.57606880565845,63.79761716665475,0.0,138.64587052190186,1746.1965324902405,5019.646390495764,225.22235266381333,63.447777455893494,0.0,311.3474142845595,0.0
24,40,1852.7000386212221,4915.12854755049,220.57606880565845,63.79761716665475,0.0,138.64587052190186,1698.5651628270723,5061.561460436099,225.22235266381333,63.447777455893494,0.0,311.3474142845595,0.0
24,41,1894.8518337641474,4867.2394869795,220.57606880565845,63.79761716665475,0.0,138.64587052190186,1650.933793163904,5103.476530376434,225.22235266381333,63.447777455893494,0.0,311.3474142845595,0.0
24,42,1937.0036289070724,4819.35042640851,220.57606880565845,63.79761716665475,0.0,138.64587052190186,1603.3024235007358,5145.39160031677,225.22235266381333,63.447777455893494,0.0,311.3474142845595,0.0
24,43,1979.1554240499975,4771.461365837521,220.57606880565845,63.79761716665475,0.0,138.64587052190186,1555.6710538375676,5187.306670257105,225.22235266381333,63.447777455893494,0.0,311.3474142845595,0.0
24,44,2021.3072191929227,4723.572305266531,220.57606880565845,63.79761716665475,0.0,138.64587052190186,1508.0396841743996,5229.22174019744,225.22235266381333,63.447777455893494,0.0,311.3474142845595,0.0
24,45,2063.4590143358478,4675.683244695541,220.57606880565845,63.79761716665475,0.0,138.64587052190186,1460.4083145112313,5271.136810137776,225.22235266381333,63.447777455893494,0.0,311.3474142845595,0.0
24,46,2105.610809478773,4627.794184124552,220.57606880565845,63.79761716665475,0.0,138.64587052190186,1412.776944848063,5313.051880078111,225.22235266381333,63.447777455893494,0.0,311.3474142845595,0.0
24,47,2147.762604621698,4579.905123553563,220.57606880565845,63.79761716665475,0.0,138.64587052190186,1365.1455751848948,5354.966950018446,225.22235266381333,63.447777455893494,0.0,311.3474142845595,0.0
24,48,2189.9143997646233,4532.016062982572,220.57606880565845,63.79761716665475,0.0,138.64587052190186,1317.5142055217266,5396.882019958782,225.22235266381333,63.447777455893494,0.0,311.3474142845595,0.0
24,49,2232.0661949075484,4484.127002411583,220.57606880565845,63.79761716665475,0.0,138.64587052190186,1269.8828358585583,5438.797089899117,225.22235266381333,63.447777455893494,0.0,311.3474142845595,0.0
25,0,869.9455700038995,-1759.4460613180872,-463.73676888436387,62.93668649532638,0.0,352.131276608737,1635.1535299265731,2973.044922584983,-447.7411392296066,66.95787877684712,0.0,565.5747622385599,0.0
25,1,861.3292967969178,-1697.1019650215362,-463.73676888436387,62.93668649532638,0.0,352.131276608737,1606.2485859593119,2912.6473916375644,-447.7411392296066,66.95787877684712,0.0,565.5747622385599,0.0
25,2,852.7130235899359,-1634.7578687249852,-463.73676888436387,62.93668649532638,0.0,352.131276608737,1577.3436419920504,2852.249860690145,-447.7411392296066,66.95787877684712,0.0,565.5747622385599,0.0
25,3,844.096750382954,-1572.4137724284337,-463.73676888436387,62.93668649532638,0.0,352.131276608737,1548.4386980247891,2791.8523297427264,-447.7411392296066,66.95787877684712,0.0,565.5747622385599,0.0
25,4,835.4804771759723,-1510.0696761318823,-463.73676888436387,62.93668649532638,0.0,352.131276608737,1519.5337540575274,2731.4547987953074,-447.7411392296066,66.95787877684712,0.0,565.5747622385599,0.0
25,5,826.8642039689904,-1447.7255798353312,-463.73676888436387,62.93668649532638,0.0,352.131276608737,1490.6288100902661,2671.0572678478884,-447.7411392296066,66.95787877684712,0.0,565.5747622385599,0.0
25,6,818.2479307620085,-1385.3814835387802,-463.73676888436387,62.93668649532638,0.0,352.131276608737,1461.7238661230044,2610.6597369004694,-447.7411392296066,66.95787877684712,0.0,565.5747622385599,0.0
25,7,809.6316575550268,-1323.037387242229,-463.73676888436387,62.93668649532638,0.0,352.131276608737,1432.8189221557432,2550.2622059530504,-447.7411392296066,66.95787877684712,0.0,565.5747622385599,0.0
25,8,801.0153843480449,-1260.693290945678,-463.73676888436387,62.93668649532638,0.0,352.131276608737,1403.913978188482,2489.8646750056314,-447.7411392296066,66.95787877684712,0.0,565.5747622385599,0.0
25,9,792.399111141063,-1198.3491946491267,-463.73676888436387,62.93668649532638,0.0,352.131276608737,1375.0090342212204,2429.4671440582124,-447.7411392296066,66.95787877684712,0.0,565.5747622385599,0.0
25,10,783.7828379340813,-1136.0050983525755,-463.73676888436387,62.93668649532638,0.0,352.131276608737,1346.1040902539592,2369.0696131107934,-447.7411392296066,66.95787877684712,0.0,565.5747622385599,0.0
25,11,775.1665647270994,-1073.6610020560242,-463.73676888436387,62.93668649532638,0.0,352.131276608737,1317.1991462866977,2308.6720821633744,-447.7411392296066,66.95787877684712,0.0,565.5747622385599,0.0
25,12,766.5502915201175,-1011.3169057594732,-463.73676888436387,62.93668649532638,0.0,352.131276608737,1288.2942023194362,2248.2745512159554,-447.7411392296066,66.95787877684712,0.0,565.5747622385599,0.0
25,13,757.9340183131358,-948.9728094629222,-463.73676888436387,62.93668649532638,0.0,352.131276608737,1259.3892583521747,2187.8770202685364,-447.7411392296066,66.95787877684712,0.0,565.5747622385599,0.0
25,14,749.3177451061539,-886.6287131663707,-463.73676888436387,62.93668649532638,0.0,352.131276608737,1230.4843143849134,2127.4794893211174,-447.7411392296066,66.95787877684712,0.0,565.5747622385599,0.0
25,15,740.7014718991721,-824.2846168698197,-463.73676888436387,62.93668649532638,0.0,352.131276608737,1201.579370417652,2067.0819583736984,-447.7411392296066,66.95787877684712,0.0,565.5747622385599,0.0
25,16,732.0851986921903,-761.9405205732685,-463.73676888436387,62.93668649532638,0.0,352.131276608737,1172.6744264503905,2006.6844274262796,-447.7411392296066,66.95787877684712,0.0,565.5747622385599,0.0
25,17,723.4689254852085,-699.5964242767175,-463.73676888436387,62.93668649532638,0.0,352.131276608737,1143.7694824831292,1946.2868964788606,-447.7411392296066,66.95787877684712,0.0,565.5747622385599,0.0
25,18,714.8526522782266,-637.2523279801662,-463.73676888436387,62.93668649532638,0.0,352.131276608737,1114.8645385158675,1885.8893655314416,-447.7411392296066,66.95787877684712,0.0,565.5747622385599,0.0
25,19,706.2363790712448,-574.908231683615,-463.73676888436387,62.93668649532638,0.0,352.131276608737,1085.9595945486064,1825.4918345840226,-447.7411392296066,66.95787877684712,0.0,565.5747622385599,0.0
25,20,697.620105864263,-512.564135387064,-463.73676888436387,62.93668649532638,0.0,352.131276608737,1057.054650581345,1765.0943036366039,-447.7411392296066,66.95787877684712,0.0,565.5747622385599,0.0
25,21,689.0038326572811,-450.2200390905127,-463.73676888436387,62.93668649532638,0.0,352.131276608737,1028.1497066140835,1704.6967726891846,-447.7411392296066,66.95787877684712,0.0,565.5747622385599,0.0
25,22,680.3875594502992,-387.8759427939615,-463.73676888436387,62.93668649532638,0.0,352.131276608737,999.244762646822,1644.2992417417659,-447.7411392296066,66.95787877684712,0.0,565.5747622385599,0.0
25,23,671.7712862433175,-325.53184649741036,-463.73676888436387,62.93668649532638,0.0,352.131276608737,970.3398186795606,1583.9017107943469,-447.7411392296066,66.95787877684712,0.0,565.5747622385599,0.0
25,24,663.1550130363356,-263.1877502008592,-463.73676888436387,62.93668649532638,0.0,352.131276608737,941.4348747122992,1523.5041798469279,-447.7411392296066,66.95787877684712,0.0,565.5747622385599,0.0
25,25,654.5387398293537,-200.84365390430798,-463.73676888436387,62.93668649532638,0.0,352.131276608737,912.5299307450377,1463.1066488995089,-447.7411392296066,66.95787877684712,0.0,565.5747622385599,0.0
25,26,645.922466622372,-138.49955760775697,-463.73676888436387,62.93668649532638,0.0,352.131276608737,883.6249867777764,1402.7091179520899,-447.7411392296066,66.95787877684712,0.0,565.5747622385599,0.0
25,27,637.3061934153901,-76.15546131120573,-463.73676888436387,62.93668649532638,0.0,352.131276608737,854.720042810515,1342.3115870046709,-447.7411392296066,66.95787877684712,0.0,565.5747622385599,0.0
25,28,628.6899202084084,-13.811365014654598,-463.73676888436387,62.93668649532638,0.0,352.131276608737,825.8150988432535,1281.9140560572519,-447.7411392296066,66.95787877684712,0.0,565.5747622385599,0.0
25,29,620.0736470014265,48.532731281896645,-463.73676888436387,62.93668649532638,0.0,352.131276608737,796.9101548759922,1221.5165251098329,-447.7411392296066,66.95787877684712,0.0,565.5747622385599,0.0
25,30,611.4573737944447,110.87682757844777,-463.73676888436387,62.93668649532638,0.0,352.131276608737,768.0052109087308,1161.1189941624139,-447.7411392296066,66.95787877684712,0.0,565.5747622385599,0.0
25,31,602.8411005874628,173.22092387499896,-463.73676888436387,62.93668649532638,0.0,352.131276608737,739.1002669414694,1100.7214632149949,-447.7411392296066,66.95787877684712,0.0,565.5747622385599,0.0
25,32,594.224827380481,235.56502017155015,-463.73676888436387,62.93668649532638,0.0,352.131276608737,710.1953229742079,1040.3239322675759,-447.7411392296066,66.95787877684712,0.0,565.5747622385599,0.0
25,33,585.6085541734992,297.9091164681013,-463.73676888436387,62.93668649532638,0.0,352.131276608737,681.2903790069465,979.9264013201571,-447.7411392296066,66.95787877684712,0.0,565.5747622385599,0.0
25,34,576.9922809665173,360.25321276465246,-463.73676888436387,62.93668649532638,0.0,352.131276608737,652.3854350396851,919.528870372738,-447.7411392296066,66.95787877684712,0.0,565.5747622385599,0.0
25,35,568.3760077595355,422.59730906120365,-463.73676888436387,62.93668649532638,0.0,352.131276608737,623.4804910724237,859.1313394253191,-447.7411392296066,66.95787877684712,0.0,565.5747622385599,0.0
25,36,559.7597345525537,484.9414053577548,-463.73676888436387,62.93668649532638,0.0,352.131276608737,594.5755471051623,798.7338084779001,-447.7411392296066,66.95787877684712,0.0,565.5747622385599,0.0
25,37,551.1434613455718,547.2855016543059,-463.73676888436387,62.93668649532638,0.0,352.131276608737,565.6706031379009,738.3362775304811,-447.7411392296066,66.95787877684712,0.0,565.5747622385599,0.0
25,38,542.5271881385901,609.6295979508571,-463.73676888436387,62.93668649532638,0.0,352.131276608737,536.7656591706394,677.9387465830621,-447.7411392296066,66.95787877684712,0.0,565.5747622385599,0.0
25,39,533.9109149316082,671.9736942474083,-463.73676888436387,62.93668649532638,0.0,352.131276608737,507.86071520337805,617.5412156356431,-447.7411392296066,66.95787877684712,0.0,565.5747622385599,0.0
25,40,525.2946417246263,734.3177905439594,-463.73676888436387,62.93668649532638,0.0,352.131276608737,478.9557712361166,557.1436846882242,-447.7411392296066,66.95787877684712,0.0,565.5747622385599,0.0
25,41,516.6783685176446,796.6618868405106,-463.73676888436387,62.93668649532638,0.0,352.131276608737,450.0508272688552,496.7461537408052,-447.7411392296066,66.95787877684712,0.0,565.5747622385599,0.0
25,42,508.0620953106627,859.0059831370618,-463.73676888436387,62.93668649532638,0.0,352.131276608737,421.1458833015938,436.3486227933862,-447.7411392296066,66.95787877684712,0.0,565.5747622385599,0.0
25,43,499.4458221036809,921.3500794336129,-463.73676888436387,62.93668649532638,0.0,352.131276608737,392.2409393343324,375.9510918459672,-447.7411392296066,66.95787877684712,0.0,565.5747622385599,0.0
25,44,490.82954889669907,983.694175730164,-463.73676888436387,62.93668649532638,0.0,352.131276608737,363.33599536707095,315.55356089854826,-447.7411392296066,66.95787877684712,0.0,565.5747622385599,0.0
25,45,482.21327568971725,1046.0382720267153,-463.73676888436387,62.93668649532638,0.0,352.131276608737,334.4310513998096,255.15602995112926,-447.7411392296066,66.95787877684712,0.0,565.5747622385599,0.0
25,46,473.59700248273543,1108.3823683232663,-463.73676888436387,62.93668649532638,0.0,352.131276608737,305.52610743254814,194.75849900371026,-447.7411392296066,66.95787877684712,0.0,565.5747622385599,0.0
25,47,464.98072927575356,1170.7264646198175,-463.73676888436387,62.93668649532638,0.0,352.131276608737,276.62116346528677,134.3609680562913,-447.7411392296066,66.95787877684712,0.0,565.5747622385599,0.0
25,48,456.36445606877174,1233.0705609163688,-463.73676888436387,62.93668649532638,0.0,352.131276608737,247.71621949802528,73.96343710887243,-447.7411392296066,66.95787877684712,0.0,565.5747622385599,0.0
25,49,447.7481828617899,1295.4146572129198,-463.73676888436387,62.93668649532638,0.0,352.131276608737,218.8112755307639,13.565906161453427,-447.7411392296066,66.95787877684712,0.0,565.5747622385599,0.0
26,0,2084.5329450910067,3843.621901502137,359.0890184756722,68.34164843696063,0.0,216.54174793769815,-1031.9968582542892,-479.98053188532367,381.3683105921201,68.47755920611675,0.0,395.0276030698151,0.0
26,1,2043.8417569429266,3788.714633147403,359.0890184756722,68.34164843696063,0.0,216.54174793769815,-992.6927245639267,-423.9059281000327,381.3683105921201,68.47755920611675,0.0,395.0276030698151,0.0
26,2,2003.1505687948472,3733.8073647926703,359.0890184756722,68.34164843696063,0.0,216.54174793769815,-953.388590873564,-367.83132431474223,381.3683105921201,68.47755920611675,0.0,395.0276030698151,0.0
26,3,1962.4593806467676,3678.900096437937,359.0890184756722,68.34164843696063,0.0,216.54174793769815,-914.0844571832017,-311.75672052945174,381.3683105921201,68.47755920611675,0.0,395.0276030698151,0.0
26,4,1921.768192498688,3623.992828083203,359.0890184756722,68.34164843696063,0.0,216.54174793769815,-874.780323492839,-255.6821167441608,381.3683105921201,68.47755920611675,0.0,395.0276030698151,0.0
26,5,1881.0770043506084,3569.08555972847,359.0890184756722,68.34164843696063,0.0,216.54174793769815,-835.4761898024765,-199.60751295887007,381.3683105921201,68.47755920611675,0.0,395.0276030698151,0.0
26,6,1840.3858162025288,3514.178291373736,359.0890184756722,68.34164843696063,0.0,216.54174793769815,-796.1720561121142,-143.53290917357958,381.3683105921201,68.47755920611675,0.0,395.0276030698151,0.0
26,7,1799.6946280544491,3459.271023019003,359.0890184756722,68.34164843696063,0.0,216.54174793769815,-756.8679224217515,-87.45830538828886,381.3683105921201,68.47755920611675,0.0,395.0276030698151,0.0
26,8,1759.0034399063697,3404.36375466427,359.0890184756722,68.34164843696063,0.0,216.54174793769815,-717.563788731389,-31.383701602998144,381.3683105921201,68.47755920611675,0.0,395.0276030698151,0.0
26,9,1718.31225175829,3349.456486309536,359.0890184756722,68.34164843696063,0.0,216.54174793769815,-678.2596550410265,24.690902182292575,381.3683105921201,68.47755920611675,0.0,395.0276030698151,0.0
26,10,1677.6210636102105,3294.5492179548028,359.0890184756722,68.34164843696063,0.0,216.54174793769815,-638.9555213506637,80.7655059675833,381.3683105921201,68.47755920611675,0.0,395.0276030698151,0.0
26,11,1636.929875462131,3239.6419496000694,359.0890184756722,68.34164843696063,0.0,216.54174793769815,-599.6513876603012,136.840109752874,381.3683105921201,68.47755920611675,0.0,395.0276030698151,0.0
26,12,1596.2386873140513,3184.734681245336,359.0890184756722,68.34164843696063,0.0,216.54174793769815,-560.3472539699387,192.91471353816473,381.3683105921201,68.47755920611675,0.0,395.0276030698151,0.0
26,13,1555.5474991659717,3129.8274128906023,359.0890184756722,68.34164843696063,0.0,216.54174793769815,-521.0431202795762,248.98931732345523,381.3683105921201,68.47755920611675,0.0,395.0276030698151,0.0
26,14,1514.856311017892,3074.9201445358694,359.0890184756722,68.34164843696063,0.0,216.54174793769815,-481.7389865892136,305.0639211087462,381.3683105921201,68.47755920611675,0.0,395.0276030698151,0.0
26,15,1474.1651228698124,3020.0128761811357,359.0890184756722,68.34164843696063,0.0,216.54174793769815,-442.4348528988511,361.13852489403666,381.3683105921201,68.47755920611675,0.0,395.0276030698151,0.0
26,16,1433.4739347217328,2965.1056078264023,359.0890184756722,68.34164843696063,0.0,216.54174793769815,-403.1307192084886,417.2131286793274,381.3683105921201,68.47755920611675,0.0,395.0276030698151,0.0
26,17,1392.7827465736532,2910.198339471669,359.0890184756722,68.34164843696063,0.0,216.54174793769815,-363.82658551812597,473.2877324646181,381.3683105921201,68.47755920611675,0.0,395.0276030698151,0.0
26,18,1352.0915584255736,2855.291071116935,359.0890184756722,68.34164843696063,0.0,216.54174793769815,-324.52245182776346,529.3623362499086,381.3683105921201,68.47755920611675,0.0,395.0276030698151,0.0
26,19,1311.400370277494,2800.3838027622023,359.0890184756722,68.34164843696063,0.0,216.54174793769815,-285.21831813740096,585.4369400351993,381.3683105921201,68.47755920611675,0.0,395.0276030698151,0.0
26,20,1270.7091821294143,2745.4765344074685,359.0890184756722,68.34164843696063,0.0,216.54174793769815,-245.91418444703834,641.51154382049,381.3683105921201,68.47755920611675,0.0,395.0276030698151,0.0
26,21,1230.0179939813347,2690.5692660527357,359.0890184756722,68.34164843696063,0.0,216.54174793769815,-206.61005075667583,697.5861476057806,381.3683105921201,68.47755920611675,0.0,395.0276030698151,0.0
26,22,1189.326805833255,2635.661997698002,359.0890184756722,68.34164843696063,0.0,216.54174793769815,-167.3059170663132,753.6607513910715,381.3683105921201,68.47755920611675,0.0,395.0276030698151,0.0
26,23,1148.6356176851755,2580.7547293432685,359.0890184756722,68.34164843696063,0.0,216.54174793769815,-128.0017833759507,809.7353551763621,381.3683105921201,68.47755920611675,0.0,395.0276030698151,0.0
26,24,1107.9444295370959,2525.847460988535,359.0890184756722,68.34164843696063,0.0,216.54174793769815,-88.6976496855882,865.8099589616527,381.3683105921201,68.47755920611675,0.0,395.0276030698151,0.0
26,25,1067.2532413890165,2470.9401926338014,359.0890184756722,68.34164843696063,0.0,216.54174793769815,-49.393515995225584,921.8845627469434,381.3683105921201,68.47755920611675,0.0,395.0276030698151,0.0
26,26,1026.5620532409368,2416.032924279068,359.0890184756722,68.34164843696063,0.0,216.54174793769815,-10.089382304863136,977.959166532234,381.3683105921201,68.47755920611675,0.0,395.0276030698151,0.0
26,27,985.8708650928572,2361.1256559243348,359.0890184756722,68.34164843696063,0.0,216.54174793769815,29.21475138549937,1034.0337703175246,381.3683105921201,68.47755920611675,0.0,395.0276030698151,0.0
26,28,945.1796769447776,2306.2183875696014,359.0890184756722,68.34164843696063,0.0,216.54174793769815,68.51888507586199,1090.1083741028156,381.3683105921201,68.47755920611675,0.0,395.0276030698151,0.0
26,29,904.488488796698,2251.311119214868,359.0890184756722,68.34164843696063,0.0,216.54174793769815,107.82301876622444,1146.182977888106,381.3683105921201,68.47755920611675,0.0,395.0276030698151,0.0
26,30,863.7973006486184,2196.4038508601348,359.0890184756722,68.34164843696063,0.0,216.54174793769815,147.12715245658694,1202.2575816733965,381.3683105921201,68.47755920611675,0.0,395.0276030698151,0.0
26,31,823.1061125005388,2141.496582505401,359.0890184756722,68.34164843696063,0.0,216.54174793769815,186.43128614694956,1258.3321854586875,381.3683105921201,68.47755920611675,0.0,395.0276030698151,0.0
26,32,782.4149243524593,2086.5893141506676,359.0890184756722,68.34164843696063,0.0,216.54174793769815,225.73541983731207,1314.406789243978,381.3683105921201,68.47755920611675,0.0,395.0276030698151,0.0
26,33,741.7237362043796,2031.6820457959343,359.0890184756722,68.34164843696063,0.0,216.54174793769815,265.03955352767457,1370.4813930292687,381.3683105921201,68.47755920611675,0.0,395.0276030698151,0.0
26,34,701.0325480563,1976.774777441201,359.0890184756722,68.34164843696063,0.0,216.54174793769815,304.34368721803713,1426.5559968145594,381.3683105921201,68.47755920611675,0.0,395.0276030698151,0.0
26,35,660.3413599082204,1921.8675090864674,359.0890184756722,68.34164843696063,0.0,216.54174793769815,343.6478209083997,1482.6306005998501,381.3683105921201,68.47755920611675,0.0,395.0276030698151,0.0
26,36,619.6501717601409,1866.960240731734,359.0890184756722,68.34164843696063,0.0,216.54174793769815,382.9519545987622,1538.7052043851406,381.3683105921201,68.47755920611675,0.0,395.0276030698151,0.0
26,37,578.9589836120613,1812.0529723770007,359.0890184756722,68.34164843696063,0.0,216.54174793769815,422.25608828912476,1594.7798081704314,381.3683105921201,68.47755920611675,0.0,395.0276030698151,0.0
26,38,538.2677954639817,1757.1457040222672,359.0890184756722,68.34164843696063,0.0,216.54174793769815,461.5602219794873,1650.854411955722,381.3683105921201,68.47755920611675,0.0,395.0276030698151,0.0
26,39,497.57660731590204,1702.2384356675338,359.0890184756722,68.34164843696063,0.0,216.54174793769815,500.86435566984983,1706.9290157410128,381.3683105921201,68.47755920611675,0.0,395.0276030698151,0.0
26,40,456.8854191678224,1647.3311673128005,359.0890184756722,68.34164843696063,0.0,216.54174793769815,540.1684893602123,1763.0036195263035,381.3683105921201,68.47755920611675,0.0,395.0276030698151,0.0
26,41,416.19423101974286,1592.423898958067,359.0890184756722,68.34164843696063,0.0,216.54174793769815,579.472623050575,1819.078223311594,381.3683105921201,68.47755920611675,0.0,395.0276030698151,0.0
26,42,375.50304287166324,1537.5166306033336,359.0890184756722,68.34164843696063,0.0,216.54174793769815,618.7767567409375,1875.1528270968847,381.3683105921201,68.47755920611675,0.0,395.0276030698151,0.0
26,43,334.8118547235837,1482.6093622486003,359.0890184756722,68.34164843696063,0.0,216.54174793769815,658.0808904313,1931.2274308821754,381.3683105921201,68.47755920611675,0.0,395.0276030698151,0.0
26,44,294.12066657550406,1427.7020938938667,359.0890184756722,68.34164843696063,0.0,216.54174793769815,697.3850241216626,1987.3020346674662,381.3683105921201,68.47755920611675,0.0,395.0276030698151,0.0
26,45,253.42947842742444,1372.7948255391334,359.0890184756722,68.34164843696063,0.0,216.54174793769815,736.6891578120251,2043.3766384527567,381.3683105921201,68.47755920611675,0.0,395.0276030698151,0.0
26,46,212.73829027934482,1317.8875571844,359.0890184756722,68.34164843696063,0.0,216.54174793769815,775.9932915023876,2099.4512422380476,381.3683105921201,68.47755920611675,0.0,395.0276030698151,0.0
26,47,172.04710213126526,1262.9802888296665,359.0890184756722,68.34164843696063,0.0,216.54174793769815,815.2974251927501,2155.525846023338,381.3683105921201,68.47755920611675,0.0,395.0276030698151,0.0
26,48,131.35591398318564,1208.073020474933,359.0890184756722,68.34164843696063,0.0,216.54174793769815,854.6015588831126,2211.6004498086286,381.3683105921201,68.47755920611675,0.0,395.0276030698151,0.0
26,49,90.66472583510608,1153.1657521201996,359.0890184756722,68.34164843696063,0.0,216.54174793769815,893.9056925734753,2267.6750535939195,381.3683105921201,68.47755920611675,0.0,395.0276030698151,0.0
27,0,-5567.881308749484,186.07724212505582,-38.221064506679056,66.04800369142136,0.0,24.026593978546913,-2535.3707167916027,4187.163281060879,-50.45917747755659,66.25529525467235,0.0,230.27465627621487,0.0
27,1,-5540.989162376082,246.4026203257231,-38.221064506679056,66.04800369142136,0.0,24.026593978546913,-2586.3287862535426,4144.818986214987,-50.45917747755659,66.25529525467235,0.0,230.27465627621487,0.0
27,2,-5514.09701600268,306.7279985263899,-38.221064506679056,66.04800369142136,0.0,24.026593978546913,-2637.2868557154825,4102.474691369094,-50.45917747755659,66.25529525467235,0.0,230.27465627621487,0.0
27,3,-5487.204869629278,367.0533767270572,-38.221064506679056,66.04800369142136,0.0,24.026593978546913,-2688.244925177423,4060.130396523201,-50.45917747755659,66.25529525467235,0.0,230.27465627621487,0.0
27,4,-5460.312723255876,427.378754927724,-38.221064506679056,66.04800369142136,0.0,24.026593978546913,-2739.202994639363,4017.7861016773086,-50.45917747755659,66.25529525467235,0.0,230.27465627621487,0.0
27,5,-5433.420576882474,487.7041331283913,-38.221064506679056,66.04800369142136,0.0,24.026593978546913,-2790.161064101303,3975.4418068314153,-50.45917747755659,66.25529525467235,0.0,230.27465627621487,0.0
27,6,-5406.528430509072,548.0295113290586,-38.221064506679056,66.04800369142136,0.0,24.026593978546913,-2841.119133563243,3933.097511985523,-50.45917747755659,66.25529525467235,0.0,230.27465627621487,0.0
27,7,-5379.6362841356695,608.3548895297258,-38.221064506679056,66.04800369142136,0.0,24.026593978546913,-2892.0772030251833,3890.75321713963,-50.45917747755659,66.25529525467235,0.0,230.27465627621487,0.0
27,8,-5352.744137762267,668.6802677303929,-38.221064506679056,66.04800369142136,0.0,24.026593978546913,-2943.0352724871236,3848.4089222937373,-50.45917747755659,66.25529525467235,0.0,230.27465627621487,0.0
27,9,-5325.851991388866,729.0056459310601,-38.221064506679056,66.04800369142136,0.0,24.026593978546913,-2993.9933419490635,3806.064627447845,-50.45917747755659,66.25529525467235,0.0,230.27465627621487,0.0
27,10,-5298.9598450154635,789.3310241317272,-38.221064506679056,66.04800369142136,0.0,24.026593978546913,-3044.9514114110034,3763.7203326019517,-50.45917747755659,66.25529525467235,0.0,230.27465627621487,0.0
27,11,-5272.067698642061,849.6564023323942,-38.221064506679056,66.04800369142136,0.0,24.026593978546913,-3095.9094808729437,3721.3760377560593,-50.45917747755659,66.25529525467235,0.0,230.27465627621487,0.0
27,12,-5245.17555226866,909.9817805330615,-38.221064506679056,66.04800369142136,0.0,24.026593978546913,-3146.867550334884,3679.031742910167,-50.45917747755659,66.25529525467235,0.0,230.27465627621487,0.0
27,13,-5218.283405895258,970.3071587337286,-38.221064506679056,66.04800369142136,0.0,24.026593978546913,-3197.825619796824,3636.687448064274,-50.45917747755659,66.25529525467235,0.0,230.27465627621487,0.0
27,14,-5191.391259521855,1030.6325369343958,-38.221064506679056,66.04800369142136,0.0,24.026593978546913,-3248.783689258764,3594.3431532183813,-50.45917747755659,66.25529525467235,0.0,230.27465627621487,0.0
27,15,-5164.499113148453,1090.9579151350629,-38.221064506679056,66.04800369142136,0.0,24.026593978546913,-3299.741758720704,3551.9988583724885,-50.45917747755659,66.25529525467235,0.0,230.27465627621487,0.0
27,16,-5137.606966775051,1151.28329333573,-38.221064506679056,66.04800369142136,0.0,24.026593978546913,-3350.6998281826445,3509.654563526596,-50.45917747755659,66.25529525467235,0.0,230.27465627621487,0.0
27,17,-5110.714820401649,1211.6086715363972,-38.221064506679056,66.04800369142136,0.0,24.026593978546913,-3401.6578976445844,3467.3102686807033,-50.45917747755659,66.25529525467235,0.0,230.27465627621487,0.0
27,18,-5083.822674028247,1271.9340497370645,-38.221064506679056,66.04800369142136,0.0,24.026593978546913,-3452.6159671065243,3424.9659738348105,-50.45917747755659,66.25529525467235,0.0,230.27465627621487,0.0
27,19,-5056.930527654845,1332.2594279377315,-38.221064506679056,66.04800369142136,0.0,24.026593978546913,-3503.5740365684646,3382.6216789889177,-50.45917747755659,66.25529525467235,0.0,230.27465627621487,0.0
27,20,-5030.0383812814425,1392.5848061383988,-38.221064506679056,66.04800369142136,0.0,24.026593978546913,-3554.5321060304045,3340.2773841430253,-50.45917747755659,66.25529525467235,0.0,230.27465627621487,0.0
27,21,-5003.146234908041,1452.9101843390658,-38.221064506679056,66.04800369142136,0.0,24.026593978546913,-3605.490175492345,3297.9330892971325,-50.45917747755659,66.25529525467235,0.0,230.27465627621487,0.0
27,22,-4976.254088534639,1513.2355625397329,-38.221064506679056,66.04800369142136,0.0,24.026593978546913,-3656.4482449542847,3255.5887944512397,-50.45917747755659,66.25529525467235,0.0,230.27465627621487,0.0
27,23,-4949.361942161237,1573.5609407404002,-38.221064506679056,66.04800369142136,0.0,24.026593978546913,-3707.406314416225,3213.2444996053473,-50.45917747755659,66.25529525467235,0.0,230.27465627621487,0.0
27,24,-4922.469795787834,1633.8863189410672,-38.221064506679056,66.04800369142136,0.0,24.026593978546913,-3758.3643838781654,3170.9002047594545,-50.45917747755659,66.25529525467235,0.0,230.27465627621487,0.0
27,25,-4895.577649414433,1694.2116971417345,-38.221064506679056,66.04800369142136,0.0,24.026593978546913,-3809.3224533401053,3128.5559099135617,-50.45917747755659,66.25529525467235,0.0,230.27465627621487,0.0
27,26,-4868.685503041031,1754.5370753424015,-38.221064506679056,66.04800369142136,0.0,24.026593978546913,-3860.280522802045,3086.211615067669,-50.45917747755659,66.25529525467235,0.0,230.27465627621487,0.0
27,27,-4841.793356667628,1814.8624535430686,-38.221064506679056,66.04800369142136,0.0,24.026593978546913,-3911.2385922639855,3043.8673202217765,-50.45917747755659,66.25529525467235,0.0,230.27465627621487,0.0
27,28,-4814.901210294226,1875.1878317437358,-38.221064506679056,66.04800369142136,0.0,24.026593978546913,-3962.196661725926,3001.5230253758837,-50.45917747755659,66.25529525467235,0.0,230.27465627621487,0.0
27,29,-4788.009063920825,1935.5132099444031,-38.221064506679056,66.04800369142136,0.0,24.026593978546913,-4013.1547311878658,2959.178730529991,-50.45917747755659,66.25529525467235,0.0,230.27465627621487,0.0
27,30,-4761.116917547422,1995.8385881450702,-38.221064506679056,66.04800369142136,0.0,24.026593978546913,-4064.1128006498056,2916.834435684098,-50.45917747755659,66.25529525467235,0.0,230.27465627621487,0.0
27,31,-4734.22477117402,2056.163966345737,-38.221064506679056,66.04800369142136,0.0,24.026593978546913,-4115.0708701117455,2874.4901408382057,-50.45917747755659,66.25529525467235,0.0,230.27465627621487,0.0
27,32,-4707.332624800618,2116.4893445464045,-38.221064506679056,66.04800369142136,0.0,24.026593978546913,-4166.028939573686,2832.145845992313,-50.45917747755659,66.25529525467235,0.0,230.27465627621487,0.0
27,33,-4680.4404784272165,2176.8147227470718,-38.221064506679056,66.04800369142136,0.0,24.026593978546913,-4216.987009035626,2789.80155114642,-50.45917747755659,66.25529525467235,0.0,230.27465627621487,0.0
27,34,-4653.548332053814,2237.1401009477386,-38.221064506679056,66.04800369142136,0.0,24.026593978546913,-4267.945078497566,2747.4572563005277,-50.45917747755659,66.25529525467235,0.0,230.27465627621487,0.0
27,35,-4626.656185680412,2297.465479148406,-38.221064506679056,66.04800369142136,0.0,24.026593978546913,-4318.903147959507,2705.112961454635,-50.45917747755659,66.25529525467235,0.0,230.27465627621487,0.0
27,36,-4599.76403930701,2357.790857349073,-38.221064506679056,66.04800369142136,0.0,24.026593978546913,-4369.861217421447,2662.768666608742,-50.45917747755659,66.25529525467235,0.0,230.27465627621487,0.0
27,37,-4572.871892933608,2418.1162355497404,-38.221064506679056,66.04800369142136,0.0,24.026593978546913,-4420.819286883387,2620.424371762849,-50.45917747755659,66.25529525467235,0.0,230.27465627621487,0.0
27,38,-4545.979746560206,2478.441613750407,-38.221064506679056,66.04800369142136,0.0,24.026593978546913,-4471.777356345327,2578.080076916957,-50.45917747755659,66.25529525467235,0.0,230.27465627621487,0.0
27,39,-4519.087600186804,2538.7669919510745,-38.221064506679056,66.04800369142136,0.0,24.026593978546913,-4522.735425807266,2535.735782071064,-50.45917747755659,66.25529525467235,0.0,230.27465627621487,0.0
27,40,-4492.195453813401,2599.0923701517418,-38.221064506679056,66.04800369142136,0.0,24.026593978546913,-4573.693495269207,2493.391487225171,-50.45917747755659,66.25529525467235,0.0,230.27465627621487,0.0
27,41,-4465.303307439999,2659.4177483524086,-38.221064506679056,66.04800369142136,0.0,24.026593978546913,-4624.651564731147,2451.0471923792784,-50.45917747755659,66.25529525467235,0.0,230.27465627621487,0.0
27,42,-4438.411161066598,2719.743126553076,-38.221064506679056,66.04800369142136,0.0,24.026593978546913,-4675.609634193087,2408.702897533386,-50.45917747755659,66.25529525467235,0.0,230.27465627621487,0.0
27,43,-4411.5190146931955,2780.068504753743,-38.221064506679056,66.04800369142136,0.0,24.026593978546913,-4726.567703655028,2366.358602687493,-50.45917747755659,66.25529525467235,0.0,230.27465627621487,0.0
27,44,-4384.626868319793,2840.3938829544104,-38.221064506679056,66.04800369142136,0.0,24.026593978546913,-4777.525773116968,2324.0143078416004,-50.45917747755659,66.25529525467235,0.0,230.27465627621487,0.0
27,45,-4357.734721946391,2900.719261155077,-38.221064506679056,66.04800369142136,0.0,24.026593978546913,-4828.483842578908,2281.670012995708,-50.45917747755659,66.25529525467235,0.0,230.27465627621487,0.0
27,46,-4330.8425755729895,2961.0446393557445,-38.221064506679056,66.04800369142136,0.0,24.026593978546913,-4879.4419120408475,2239.325718149815,-50.45917747755659,66.25529525467235,0.0,230.27465627621487,0.0
27,47,-4303.950429199587,3021.3700175564118,-38.221064506679056,66.04800369142136,0.0,24.026593978546913,-4930.399981502787,2196.9814233039224,-50.45917747755659,66.25529525467235,0.0,230.27465627621487,0.0
27,48,-4277.058282826185,3081.6953957570786,-38.221064506679056,66.04800369142136,0.0,24.026593978546913,-4981.358050964728,2154.6371284580296,-50.45917747755659,66.25529525467235,0.0,230.27465627621487,0.0
27,49,-4250.166136452783,3142.020773957746,-38.221064506679056,66.04800369142136,0.0,24.026593978546913,-5032.316120426668,2112.292833612137,-50.45917747755659,66.25529525467235,0.0,230.27465627621487,0.0
28,0,1451.88650188462,-97.24934766160095,206.1213486007191,66.89847111664002,0.0,174.49959037480042,-110.65435128612216,-4413.333598352968,183.01905199695588,66.06825646661915,0.0,406.51762809013735,0.0
28,1,1458.2989122669906,-163.83978564508288,206.1213486007191,66.89847111664002,0.0,174.49959037480042,-62.716141322254316,-4367.869958617471,183.01905199695588,66.06825646661915,0.0,406.51762809013735,0.0
28,2,1464.711322649361,-230.43022362856527,206.1213486007191,66.89847111664002,0.0,174.49959037480042,-14.777931358386468,-4322.406318881973,183.01905199695588,66.06825646661915,0.0,406.51762809013735,0.0
28,3,1471.1237330317315,-297.0206616120472,206.1213486007191,66.89847111664002,0.0,174.49959037480042,33.16027860548138,-4276.942679146476,183.01905199695588,66.06825646661915,0.0,406.51762809013735,0.0
28,4,1477.5361434141018,-363.61109959552914,206.1213486007191,66.89847111664002,0.0,174.49959037480042,81.09848856934946,-4231.479039410979,183.01905199695588,66.06825646661915,0.0,406.51762809013735,0.0
28,5,1483.9485537964724,-430.201537579012,206.1213486007191,66.89847111664002,0.0,174.49959037480042,129.03669853321776,-4186.015399675482,183.01905199695588,66.06825646661915,0.0,406.51762809013735,0.0
28,6,1490.3609641788428,-496.7919755624939,206.1213486007191,66.89847111664002,0.0,174.49959037480042,176.9749084970856,-4140.551759939985,183.01905199695588,66.06825646661915,0.0,406.51762809013735,0.0
28,7,1496.7733745612134,-563.3824135459759,206.1213486007191,66.89847111664002,0.0,174.49959037480042,224.91311846095368,-4095.088120204488,183.01905199695588,66.06825646661915,0.0,406.51762809013735,0.0
28,8,1503.1857849435837,-629.9728515294582,206.1213486007191,66.89847111664002,0.0,174.49959037480042,272.8513284248213,-4049.624480468991,183.01905199695588,66.06825646661915,0.0,406.51762809013735,0.0
28,9,1509.5981953259543,-696.5632895129404,206.1213486007191,66.89847111664002,0.0,174.49959037480042,320.7895383886894,-4004.160840733494,183.01905199695588,66.06825646661915,0.0,406.51762809013735,0.0
28,10,1516.0106057083246,-763.1537274964226,206.1213486007191,66.89847111664002,0.0,174.49959037480042,368.72774835255746,-3958.6972009979963,183.01905199695588,66.06825646661915,0.0,406.51762809013735,0.0
28,11,1522.4230160906952,-829.744165479905,206.1213486007191,66.89847111664002,0.0,174.49959037480042,416.66595831642553,-3913.2335612624993,183.01905199695588,66.06825646661915,0.0,406.51762809013735,0.0
28,12,1528.8354264730656,-896.3346034633869,206.1213486007191,66.89847111664002,0.0,174.49959037480042,464.6041682802936,-3867.769921527002,183.01905199695588,66.06825646661915,0.0,406.51762809013735,0.0
28,13,1535.2478368554362,-962.925041446869,206.1213486007191,66.89847111664002,0.0,174.49959037480042,512.5423782441615,-3822.306281791505,183.01905199695588,66.06825646661915,0.0,406.51762809013735,0.0
28,14,1541.6602472378065,-1029.5154794303514,206.1213486007191,66.89847111664002,0.0,174.49959037480042,560.4805882080295,-3776.842642056008,183.01905199695588,66.06825646661915,0.0,406.51762809013735,0.0
28,15,1548.072657620177,-1096.1059174138336,206.1213486007191,66.89847111664002,0.0,174.49959037480042,608.4187981718974,-3731.379002320511,183.01905199695588,66.06825646661915,0.0,406.51762809013735,0.0
28,16,1554.4850680025475,-1162.6963553973155,206.1213486007191,66.89847111664002,0.0,174.49959037480042,656.3570081357655,-3685.915362585014,183.01905199695588,66.06825646661915,0.0,406.51762809013735,0.0
28,17,1560.897478384918,-1229.286793380798,206.1213486007191,66.89847111664002,0.0,174.49959037480042,704.2952180996334,-3640.451722849517,183.01905199695588,66.06825646661915,0.0,406.51762809013735,0.0
28,18,1567.3098887672884,-1295.87723136428,206.1213486007191,66.89847111664002,0.0,174.49959037480042,752.2334280635014,-3594.98808311402,183.01905199695588,66.06825646661915,0.0,406.51762809013735,0.0
28,19,1573.7222991496587,-1362.4676693477622,206.1213486007191,66.89847111664002,0.0,174.49959037480042,800.1716380273693,-3549.524443378523,183.01905199695588,66.06825646661915,0.0,406.51762809013735,0.0
28,20,1580.1347095320293,-1429.0581073312444,206.1213486007191,66.89847111664002,0.0,174.49959037480042,848.1098479912373,-3504.060803643026,183.01905199695588,66.06825646661915,0.0,406.51762809013735,0.0
28,21,1586.5471199143997,-1495.6485453147266,206.1213486007191,66.89847111664002,0.0,174.49959037480042,896.0480579551053,-3458.5971639075287,183.01905199695588,66.06825646661915,0.0,406.51762809013735,0.0
28,22,1592.9595302967703,-1562.238983298209,206.1213486007191,66.89847111664002,0.0,174.49959037480042,943.9862679189735,-3413.1335241720312,183.01905199695588,66.06825646661915,0.0,406.51762809013735,0.0
28,23,1599.3719406791406,-1628.8294212816909,206.1213486007191,66.89847111664002,0.0,174.49959037480042,991.9244778828413,-3367.6698844365346,183.01905199695588,66.06825646661915,0.0,406.51762809013735,0.0
28,24,1605.7843510615112,-1695.4198592651733,206.1213486007191,66.89847111664002,0.0,174.49959037480042,1039.8626878467094,-3322.2062447010376,183.01905199695588,66.06825646661915,0.0,406.51762809013735,0.0
28,25,1612.1967614438815,-1762.0102972486554,206.1213486007191,66.89847111664002,0.0,174.49959037480042,1087.8008978105772,-3276.74260496554,183.01905199695588,66.06825646661915,0.0,406.51762809013735,0.0
28,26,1618.6091718262521,-1828.6007352321376,206.1213486007191,66.89847111664002,0.0,174.49959037480042,1135.739107774445,-3231.278965230043,183.01905199695588,66.06825646661915,0.0,406.51762809013735,0.0
28,27,1625.0215822086225,-1895.1911732156198,206.1213486007191,66.89847111664002,0.0,174.49959037480042,1183.6773177383134,-3185.815325494546,183.01905199695588,66.06825646661915,0.0,406.51762809013735,0.0
28,28,1631.433992590993,-1961.781611199102,206.1213486007191,66.89847111664002,0.0,174.49959037480042,1231.6155277021812,-3140.351685759049,183.01905199695588,66.06825646661915,0.0,406.51762809013735,0.0
28,29,1637.8464029733634,-2028.372049182584,206.1213486007191,66.89847111664002,0.0,174.49959037480042,1279.5537376660493,-3094.888046023552,183.01905199695588,66.06825646661915,0.0,406.51762809013735,0.0
28,30,1644.258813355734,-2094.9624871660662,206.1213486007191,66.89847111664002,0.0,174.49959037480042,1327.4919476299174,-3049.424406288055,183.01905199695588,66.06825646661915,0.0,406.51762809013735,0.0
28,31,1650.6712237381043,-2161.552925149548,206.1213486007191,66.89847111664002,0.0,174.49959037480042,1375.4301575937852,-3003.9607665525577,183.01905199695588,66.06825646661915,0.0,406.51762809013735,0.0
28,32,1657.083634120475,-2228.1433631330306,206.1213486007191,66.89847111664002,0.0,174.49959037480042,1423.3683675576533,-2958.4971268170607,183.01905199695588,66.06825646661915,0.0,406.51762809013735,0.0
28,33,1663.4960445028453,-2294.733801116513,206.1213486007191,66.89847111664002,0.0,174.49959037480042,1471.3065775215214,-2913.0334870815636,183.01905199695588,66.06825646661915,0.0,406.51762809013735,0.0
28,34,1669.9084548852159,-2361.324239099995,206.1213486007191,66.89847111664002,0.0,174.49959037480042,1519.2447874853892,-2867.569847346066,183.01905199695588,66.06825646661915,0.0,406.51762809013735,0.0
28,35,1676.3208652675862,-2427.9146770834773,206.1213486007191,66.89847111664002,0.0,174.49959037480042,1567.1829974492573,-2822.106207610569,183.01905199695588,66.06825646661915,0.0,406.51762809013735,0.0
28,36,1682.7332756499568,-2494.505115066959,206.1213486007191,66.89847111664002,0.0,174.49959037480042,1615.1212074131251,-2776.642567875072,183.01905199695588,66.06825646661915,0.0,406.51762809013735,0.0
28,37,1689.1456860323271,-2561.0955530504416,206.1213486007191,66.89847111664002,0.0,174.49959037480042,1663.0594173769932,-2731.178928139575,183.01905199695588,66.06825646661915,0.0,406.51762809013735,0.0
28,38,1695.5580964146977,-2627.6859910339235,206.1213486007191,66.89847111664002,0.0,174.49959037480042,1710.997627340861,-2685.715288404078,183.01905199695588,66.06825646661915,0.0,406.51762809013735,0.0
28,39,1701.970506797068,-2694.276429017406,206.1213486007191,66.89847111664002,0.0,174.49959037480042,1758.9358373047291,-2640.251648668581,183.01905199695588,66.06825646661915,0.0,406.51762809013735,0.0
28,40,1708.3829171794384,-2760.8668670008883,206.1213486007191,66.89847111664002,0.0,174.49959037480042,1806.8740472685972,-2594.788008933084,183.01905199695588,66.06825646661915,0.0,406.51762809013735,0.0
28,41,1714.795327561809,-2827.4573049843702,206.1213486007191,66.89847111664002,0.0,174.49959037480042,1854.812257232465,-2549.3243691975867,183.01905199695588,66.06825646661915,0.0,406.51762809013735,0.0
28,42,1721.2077379441794,-2894.0477429678526,206.1213486007191,66.89847111664002,0.0,174.49959037480042,1902.7504671963331,-2503.8607294620897,183.01905199695588,66.06825646661915,0.0,406.51762809013735,0.0
28,43,1727.62014832655,-2960.6381809513346,206.1213486007191,66.89847111664002,0.0,174.49959037480042,1950.6886771602012,-2458.3970897265926,183.01905199695588,66.06825646661915,0.0,406.51762809013735,0.0
28,44,1734.0325587089203,-3027.228618934817,206.1213486007191,66.89847111664002,0.0,174.49959037480042,1998.626887124069,-2412.9334499910956,183.01905199695588,66.06825646661915,0.0,406.51762809013735,0.0
28,45,1740.444969091291,-3093.819056918299,206.1213486007191,66.89847111664002,0.0,174.49959037480042,2046.565097087937,-2367.4698102555985,183.01905199695588,66.06825646661915,0.0,406.51762809013735,0.0
28,46,1746.8573794736612,-3160.4094949017813,206.1213486007191,66.89847111664002,0.0,174.49959037480042,2094.503307051805,-2322.0061705201015,183.01905199695588,66.06825646661915,0.0,406.51762809013735,0.0
28,47,1753.2697898560318,-3226.9999328852637,206.1213486007191,66.89847111664002,0.0,174.49959037480042,2142.441517015673,-2276.542530784604,183.01905199695588,66.06825646661915,0.0,406.51762809013735,0.0
28,48,1759.6822002384022,-3293.5903708687456,206.1213486007191,66.89847111664002,0.0,174.49959037480042,2190.379726979541,-2231.078891049107,183.01905199695588,66.06825646661915,0.0,406.51762809013735,0.0
28,49,1766.0946106207728,-3360.1808088522275,206.1213486007191,66.89847111664002,0.0,174.49959037480042,2238.3179369434088,-2185.61525131361,183.01905199695588,66.06825646661915,0.0,406.51762809013735,0.0
29,0,2361.0161319663516,-2253.562812194078,109.29829466888816,66.31703992760251,0.0,65.39819873274948,6395.1459454502865,405.0414999226073,90.72375648476337,60.86775251393776,0.0,226.76637674369283,0.0
29,1,2421.3131113891664,-2225.954406639902,109.29829466888816,66.31703992760251,0.0,65.39819873274948,6350.799722710652,363.34862493389187,90.72375648476337,60.86775251393776,0.0,226.76637674369283,0.0
29,2,2481.610090811981,-2198.3460010857257,109.29829466888816,66.31703992760251,0.0,65.39819873274948,6306.453499971017,321.65574994517624,90.72375648476337,60.86775251393776,0.0,226.76637674369283,0.0
29,3,2541.907070234796,-2170.7375955315497,109.29829466888816,66.31703992760251,0.0,65.39819873274948,6262.107277231382,279.96287495646106,90.72375648476337,60.86775251393776,0.0,226.76637674369283,0.0
29,4,2602.204049657611,-2143.1291899773732,109.29829466888816,66.31703992760251,0.0,65.39819873274948,6217.761054491747,238.26999996774543,90.72375648476337,60.86775251393776,0.0,226.76637674369283,0.0
29,5,2662.5010290804257,-2115.5207844231973,109.29829466888816,66.31703992760251,0.0,65.39819873274948,6173.414831752112,196.57712497903026,90.72375648476337,60.86775251393776,0.0,226.76637674369283,0.0
29,6,2722.798008503241,-2087.9123788690213,109.29829466888816,66.31703992760251,0.0,65.39819873274948,6129.068609012476,154.88424999031463,90.72375648476337,60.86775251393776,0.0,226.76637674369283,0.0
29,7,2783.0949879260556,-2060.303973314845,109.29829466888816,66.31703992760251,0.0,65.39819873274948,6084.7223862728415,113.19137500159923,90.72375648476337,60.86775251393776,0.0,226.76637674369283,0.0
29,8,2843.3919673488704,-2032.6955677606688,109.29829466888816,66.31703992760251,0.0,65.39819873274948,6040.376163533207,71.4985000128836,90.72375648476337,60.86775251393776,0.0,226.76637674369283,0.0
29,9,2903.6889467716856,-2005.0871622064926,109.29829466888816,66.31703992760251,0.0,65.39819873274948,5996.029940793572,29.805625024168194,90.72375648476337,60.86775251393776,0.0,226.76637674369283,0.0
29,10,2963.9859261945003,-1977.4787566523164,109.29829466888816,66.31703992760251,0.0,65.39819873274948,5951.683718053937,-11.887249964547209,90.72375648476337,60.86775251393776,0.0,226.76637674369283,0.0
29,11,3024.282905617315,-1949.8703510981404,109.29829466888816,66.31703992760251,0.0,65.39819873274948,5907.337495314301,-53.58012495326261,90.72375648476337,60.86775251393776,0.0,226.76637674369283,0.0
29,12,3084.5798850401297,-1922.2619455439644,109.29829466888816,66.31703992760251,0.0,65.39819873274948,5862.991272574666,-95.27299994197801,90.72375648476337,60.86775251393776,0.0,226.76637674369283,0.0
29,13,3144.876864462945,-1894.6535399897882,109.29829466888816,66.31703992760251,0.0,65.39819873274948,5818.645049835031,-136.96587493069342,90.72375648476337,60.86775251393776,0.0,226.76637674369283,0.0
29,14,3205.17384388576,-1867.045134435612,109.29829466888816,66.31703992760251,0.0,65.39819873274948,5774.2988270953965,-178.65874991940893,90.72375648476337,60.86775251393776,0.0,226.76637674369283,0.0
29,15,3265.470823308575,-1839.436728881436,109.29829466888816,66.31703992760251,0.0,65.39819873274948,5729.952604355762,-220.35162490812434,90.72375648476337,60.86775251393776,0.0,226.76637674369283,0.0
29,16,3325.7678027313896,-1811.8283233272596,109.29829466888816,66.31703992760251,0.0,65.39819873274948,5685.606381616126,-262.04449989683985,90.72375648476337,60.86775251393776,0.0,226.76637674369283,0.0
29,17,3386.0647821542043,-1784.2199177730836,109.29829466888816,66.31703992760251,0.0,65.39819873274948,5641.260158876491,-303.73737488555525,90.72375648476337,60.86775251393776,0.0,226.76637674369283,0.0
29,18,3446.3617615770195,-1756.6115122189076,109.29829466888816,66.31703992760251,0.0,65.39819873274948,5596.913936136856,-345.43024987427066,90.72375648476337,60.86775251393776,0.0,226.76637674369283,0.0
29,19,3506.658740999834,-1729.0031066647314,109.29829466888816,66.31703992760251,0.0,65.39819873274948,5552.567713397221,-387.12312486298606,90.72375648476337,60.86775251393776,0.0,226.76637674369283,0.0
29,20,3566.9557204226494,-1701.3947011105552,109.29829466888816,66.31703992760251,0.0,65.39819873274948,5508.221490657586,-428.81599985170146,90.72375648476337,60.86775251393776,0.0,226.76637674369283,0.0
29,21,3627.252699845464,-1673.7862955563792,109.29829466888816,66.31703992760251,0.0,65.39819873274948,5463.8752679179515,-470.508874840417,90.72375648476337,60.86775251393776,0.0,226.76637674369283,0.0
29,22,3687.549679268279,-1646.177890002203,109.29829466888816,66.31703992760251,0.0,65.39819873274948,5419.529045178316,-512.2017498291324,90.72375648476337,60.86775251393776,0.0,226.76637674369283,0.0
29,23,3747.8466586910936,-1618.5694844480267,109.29829466888816,66.31703992760251,0.0,65.39819873274948,5375.182822438681,-553.8946248178479,90.72375648476337,60.86775251393776,0.0,226.76637674369283,0.0
29,24,3808.1436381139088,-1590.9610788938508,109.29829466888816,66.31703992760251,0.0,65.39819873274948,5330.836599699046,-595.5874998065634,90.72375648476337,60.86775251393776,0.0,226.76637674369283,0.0
29,25,3868.4406175367235,-1563.3526733396745,109.29829466888816,66.31703992760251,0.0,65.39819873274948,5286.490376959411,-637.2803747952788,90.72375648476337,60.86775251393776,0.0,226.76637674369283,0.0
29,26,3928.7375969595387,-1535.7442677854983,109.29829466888816,66.31703992760251,0.0,65.39819873274948,5242.144154219776,-678.9732497839942,90.72375648476337,60.86775251393776,0.0,226.76637674369283,0.0
29,27,3989.0345763823534,-1508.1358622313223,109.29829466888816,66.31703992760251,0.0,65.39819873274948,5197.797931480141,-720.6661247727096,90.72375648476337,60.86775251393776,0.0,226.76637674369283,0.0
29,28,4049.331555805168,-1480.5274566771461,109.29829466888816,66.31703992760251,0.0,65.39819873274948,5153.451708740506,-762.3589997614251,90.72375648476337,60.86775251393776,0.0,226.76637674369283,0.0
29,29,4109.628535227983,-1452.91905112297,109.29829466888816,66.31703992760251,0.0,65.39819873274948,5109.105486000871,-804.0518747501405,90.72375648476337,60.86775251393776,0.0,226.76637674369283,0.0
29,30,4169.925514650798,-1425.310645568794,109.29829466888816,66.31703992760251,0.0,65.39819873274948,5064.759263261236,-845.744749738856,90.72375648476337,60.86775251393776,0.0,226.76637674369283,0.0
29,31,4230.222494073613,-1397.7022400146177,109.29829466888816,66.31703992760251,0.0,65.39819873274948,5020.413040521601,-887.4376247275713,90.72375648476337,60.86775251393776,0.0,226.76637674369283,0.0
29,32,4290.519473496428,-1370.0938344604415,109.29829466888816,66.31703992760251,0.0,65.39819873274948,4976.066817781966,-929.1304997162869,90.72375648476337,60.86775251393776,0.0,226.76637674369283,0.0
29,33,4350.816452919243,-1342.4854289062655,109.29829466888816,66.31703992760251,0.0,65.39819873274948,4931.72059504233,-970.8233747050023,90.72375648476337,60.86775251393776,0.0,226.76637674369283,0.0
29,34,4411.113432342057,-1314.8770233520893,109.29829466888816,66.31703992760251,0.0,65.39819873274948,4887.3743723026955,-1012.5162496937178,90.72375648476337,60.86775251393776,0.0,226.76637674369283,0.0
29,35,4471.410411764872,-1287.2686177979133,109.29829466888816,66.31703992760251,0.0,65.39819873274948,4843.028149563061,-1054.2091246824332,90.72375648476337,60.86775251393776,0.0,226.76637674369283,0.0
29,36,4531.707391187687,-1259.660212243737,109.29829466888816,66.31703992760251,0.0,65.39819873274948,4798.681926823426,-1095.9019996711486,90.72375648476337,60.86775251393776,0.0,226.76637674369283,0.0
29,37,4592.0043706105025,-1232.0518066895609,109.29829466888816,66.31703992760251,0.0,65.39819873274948,4754.335704083791,-1137.594874659864,90.72375648476337,60.86775251393776,0.0,226.76637674369283,0.0
29,38,4652.301350033317,-1204.4434011353849,109.29829466888816,66.31703992760251,0.0,65.39819873274948,4709.989481344156,-1179.2877496485794,90.72375648476337,60.86775251393776,0.0,226.76637674369283,0.0
29,39,4712.598329456132,-1176.8349955812087,109.29829466888816,66.31703992760251,0.0,65.39819873274948,4665.64325860452,-1220.980624637295,90.72375648476337,60.86775251393776,0.0,226.76637674369283,0.0
29,40,4772.895308878947,-1149.2265900270324,109.29829466888816,66.31703992760251,0.0,65.39819873274948,4621.297035864885,-1262.6734996260104,90.72375648476337,60.86775251393776,0.0,226.76637674369283,0.0
29,41,4833.192288301761,-1121.6181844728565,109.29829466888816,66.31703992760251,0.0,65.39819873274948,4576.9508131252505,-1304.3663746147258,90.72375648476337,60.86775251393776,0.0,226.76637674369283,0.0
29,42,4893.489267724577,-1094.0097789186802,109.29829466888816,66.31703992760251,0.0,65.39819873274948,4532.604590385616,-1346.0592496034412,90.72375648476337,60.86775251393776,0.0,226.76637674369283,0.0
29,43,4953.786247147392,-1066.401373364504,109.29829466888816,66.31703992760251,0.0,65.39819873274948,4488.258367645981,-1387.7521245921566,90.72375648476337,60.86775251393776,0.0,226.76637674369283,0.0
29,44,5014.0832265702065,-1038.792967810328,109.29829466888816,66.31703992760251,0.0,65.39819873274948,4443.912144906346,-1429.444999580872,90.72375648476337,60.86775251393776,0.0,226.76637674369283,0.0
29,45,5074.380205993021,-1011.1845622561518,109.29829466888816,66.31703992760251,0.0,65.39819873274948,4399.56592216671,-1471.1378745695874,90.72375648476337,60.86775251393776,0.0,226.76637674369283,0.0
29,46,5134.677185415836,-983.5761567019757,109.29829466888816,66.31703992760251,0.0,65.39819873274948,4355.219699427075,-1512.830749558303,90.72375648476337,60.86775251393776,0.0,226.76637674369283,0.0
29,47,5194.974164838651,-955.9677511477996,109.29829466888816,66.31703992760251,0.0,65.39819873274948,4310.87347668744,-1554.5236245470185,90.72375648476337,60.86775251393776,0.0,226.76637674369283,0.0
29,48,5255.271144261466,-928.3593455936234,109.29829466888816,66.31703992760251,0.0,65.39819873274948,4266.527253947806,-1596.2164995357339,90.72375648476337,60.86775251393776,0.0,226.76637674369283,0.0
29,49,5315.568123684281,-900.7509400394473,109.29829466888816,66.31703992760251,0.0,65.39819873274948,4222.181031208171,-1637.9093745244493,90.72375648476337,60.86775251393776,0.0,226.76637674369283,0.0
30,0,-37.75555910382445,-815.1082677030377,383.94260614935,62.06497004576892,0.0,51.582242883683364,1151.3441876535453,3039.4666141562634,379.10122560193656,64.033389379985,0.0,163.25050987755588,0.0
30,1,10.872401622236112,-776.5416766894816,383.94260614935,62.06497004576892,0.0,51.582242883683364,1169.7978258496319,2978.149910128595,379.10122560193656,64.033389379985,0.0,163.25050987755588,0.0
30,2,59.500362348296676,-737.9750856759258,383.94260614935,62.06497004576892,0.0,51.582242883683364,1188.2514640457189,2916.8332061009264,379.10122560193656,64.033389379985,0.0,163.25050987755588,0.0
30,3,108.12832307435724,-699.4084946623698,383.94260614935,62.06497004576892,0.0,51.582242883683364,1206.7051022418054,2855.516502073258,379.10122560193656,64.033389379985,0.0,163.25050987755588,0.0
30,4,156.7562838004178,-660.8419036488137,383.94260614935,62.06497004576892,0.0,51.582242883683364,1225.1587404378924,2794.199798045589,379.10122560193656,64.033389379985,0.0,163.25050987755588,0.0
30,5,205.38424452647837,-622.2753126352579,383.94260614935,62.06497004576892,0.0,51.582242883683364,1243.6123786339795,2732.8830940179205,379.10122560193656,64.033389379985,0.0,163.25050987755588,0.0
30,6,254.01220525253893,-583.7087216217019,383.94260614935,62.06497004576892,0.0,51.582242883683364,1262.0660168300665,2671.566389990252,379.10122560193656,64.033389379985,0.0,163.25050987755588,0.0
30,7,302.6401659785997,-545.1421306081459,383.94260614935,62.06497004576892,0.0,51.582242883683364,1280.519655026153,2610.2496859625835,379.10122560193656,64.033389379985,0.0,163.25050987755588,0.0
30,8,351.2681267046603,-506.5755395945898,383.94260614935,62.06497004576892,0.0,51.582242883683364,1298.97329322224,2548.932981934915,379.10122560193656,64.033389379985,0.0,163.25050987755588,0.0
30,9,399.8960874307211,-468.00894858103356,383.94260614935,62.06497004576892,0.0,51.582242883683364,1317.4269314183268,2487.6162779072465,379.10122560193656,64.033389379985,0.0,163.25050987755588,0.0
30,10,448.52404815678165,-429.44235756747776,383.94260614935,62.06497004576892,0.0,51.582242883683364,1335.8805696144136,2426.299573879578,379.10122560193656,64.033389379985,0.0,163.25050987755588,0.0
30,11,497.1520088828422,-390.8757665539217,383.94260614935,62.06497004576892,0.0,51.582242883683364,1354.3342078105006,2364.9828698519095,379.10122560193656,64.033389379985,0.0,163.25050987755588,0.0
30,12,545.7799696089028,-352.3091755403657,383.94260614935,62.06497004576892,0.0,51.582242883683364,1372.7878460065874,2303.666165824241,379.10122560193656,64.033389379985,0.0,163.25050987755588,0.0
30,13,594.4079303349633,-313.74258452680965,383.94260614935,62.06497004576892,0.0,51.582242883683364,1391.2414842026744,2242.3494617965725,379.10122560193656,64.033389379985,0.0,163.25050987755588,0.0
30,14,643.0358910610241,-275.17599351325373,383.94260614935,62.06497004576892,0.0,51.582242883683364,1409.6951223987612,2181.032757768904,379.10122560193656,64.033389379985,0.0,163.25050987755588,0.0
30,15,691.6638517870847,-236.6094024996977,383.94260614935,62.06497004576892,0.0,51.582242883683364,1428.1487605948482,2119.7160537412356,379.10122560193656,64.033389379985,0.0,163.25050987755588,0.0
30,16,740.2918125131453,-198.04281148614155,383.94260614935,62.06497004576892,0.0,51.582242883683364,1446.602398790935,2058.399349713567,379.10122560193656,64.033389379985,0.0,163.25050987755588,0.0
30,17,788.9197732392058,-159.47622047258562,383.94260614935,62.06497004576892,0.0,51.582242883683364,1465.0560369870218,1997.0826456858988,379.10122560193656,64.033389379985,0.0,163.25050987755588,0.0
30,18,837.5477339652665,-120.9096294590297,383.94260614935,62.06497004576892,0.0,51.582242883683364,1483.5096751831088,1935.7659416582303,379.10122560193656,64.033389379985,0.0,163.25050987755588,0.0
30,19,886.1756946913271,-82.34303844547367,383.94260614935,62.06497004576892,0.0,51.582242883683364,1501.9633133791954,1874.4492376305618,379.10122560193656,64.033389379985,0.0,163.25050987755588,0.0
30,20,934.8036554173879,-43.77644743191752,383.94260614935,62.06497004576892,0.0,51.582242883683364,1520.4169515752824,1813.132533602893,379.10122560193656,64.033389379985,0.0,163.25050987755588,0.0
30,21,983.4316161434484,-5.209856418361596,383.94260614935,62.06497004576892,0.0,51.582242883683364,1538.8705897713692,1751.8158295752248,379.10122560193656,64.033389379985,0.0,163.25050987755588,0.0
30,22,1032.0595768695089,33.356734595194325,383.94260614935,62.06497004576892,0.0,51.582242883683364,1557.3242279674562,1690.499125547556,379.10122560193656,64.033389379985,0.0,163.25050987755588,0.0
30,23,1080.6875375955697,71.92332560875036,383.94260614935,62.06497004576892,0.0,51.582242883683364,1575.777866163543,1629.1824215198876,379.10122560193656,64.033389379985,0.0,163.25050987755588,0.0
30,24,1129.3154983216305,110.48991662230651,383.94260614935,62.06497004576892,0.0,51.582242883683364,1594.2315043596298,1567.8657174922191,379.10122560193656,64.033389379985,0.0,163.25050987755588,0.0
30,25,1177.9434590476908,149.05650763586243,383.94260614935,62.06497004576892,0.0,51.582242883683364,1612.6851425557168,1506.5490134645506,379.10122560193656,64.033389379985,0.0,163.25050987755588,0.0
30,26,1226.5714197737516,187.62309864941847,383.94260614935,62.06497004576892,0.0,51.582242883683364,1631.1387807518036,1445.2323094368821,379.10122560193656,64.033389379985,0.0,163.25050987755588,0.0
30,27,1275.1993804998122,226.18968966297444,383.94260614935,62.06497004576892,0.0,51.582242883683364,1649.5924189478906,1383.9156054092136,379.10122560193656,64.033389379985,0.0,163.25050987755588,0.0
30,28,1323.8273412258727,264.7562806765305,383.94260614935,62.06497004576892,0.0,51.582242883683364,1668.0460571439774,1322.5989013815451,379.10122560193656,64.033389379985,0.0,163.25050987755588,0.0
30,29,1372.4553019519333,303.32287169008646,383.94260614935,62.06497004576892,0.0,51.582242883683364,1686.4996953400641,1261.2821973538767,379.10122560193656,64.033389379985,0.0,163.25050987755588,0.0
30,30,1421.083262677994,341.8894627036425,383.94260614935,62.06497004576892,0.0,51.582242883683364,1704.9533335361511,1199.9654933262082,379.10122560193656,64.033389379985,0.0,163.25050987755588,0.0
30,31,1469.7112234040546,380.4560537171985,383.94260614935,62.06497004576892,0.0,51.582242883683364,1723.406971732238,1138.6487892985397,379.10122560193656,64.033389379985,0.0,163.25050987755588,0.0
30,32,1518.3391841301152,419.0226447307545,383.94260614935,62.06497004576892,0.0,51.582242883683364,1741.8606099283247,1077.3320852708712,379.10122560193656,64.033389379985,0.0,163.25050987755588,0.0
30,33,1566.9671448561758,457.5892357443105,383.94260614935,62.06497004576892,0.0,51.582242883683364,1760.3142481244117,1016.0153812432026,379.10122560193656,64.033389379985,0.0,163.25050987755588,0.0
30,34,1615.5951055822366,496.1558267578665,383.94260614935,62.06497004576892,0.0,51.582242883683364,1778.7678863204985,954.6986772155341,379.10122560193656,64.033389379985,0.0,163.25050987755588,0.0
30,35,1664.2230663082971,534.7224177714226,383.94260614935,62.06497004576892,0.0,51.582242883683364,1797.2215245165853,893.3819731878656,379.10122560193656,64.033389379985,0.0,163.25050987755588,0.0
30,36,1712.8510270343577,573.2890087849786,383.94260614935,62.06497004576892,0.0,51.582242883683364,1815.6751627126723,832.0652691601971,379.10122560193656,64.033389379985,0.0,163.25050987755588,0.0
30,37,1761.4789877604185,611.8555997985345,383.94260614935,62.06497004576892,0.0,51.582242883683364,1834.128800908759,770.7485651325286,379.10122560193656,64.033389379985,0.0,163.25050987755588,0.0
30,38,1810.106948486479,650.4221908120905,383.94260614935,62.06497004576892,0.0,51.582242883683364,1852.5824391048461,709.4318611048601,379.10122560193656,64.033389379985,0.0,163.25050987755588,0.0
30,39,1858.7349092125396,688.9887818256466,383.94260614935,62.06497004576892,0.0,51.582242883683364,1871.036077300933,648.1151570771915,379.10122560193656,64.033389379985,0.0,163.25050987755588,0.0
30,40,1907.3628699386002,727.5553728392026,383.94260614935,62.06497004576892,0.0,51.582242883683364,1889.4897154970197,586.798453049523,379.10122560193656,64.033389379985,0.0,163.25050987755588,0.0
30,41,1955.9908306646607,766.1219638527587,383.94260614935,62.06497004576892,0.0,51.582242883683364,1907.9433536931067,525.4817490218545,379.10122560193656,64.033389379985,0.0,163.25050987755588,0.0
30,42,2004.6187913907215,804.6885548663146,383.94260614935,62.06497004576892,0.0,51.582242883683364,1926.3969918891935,464.165044994186,379.10122560193656,64.033389379985,0.0,163.25050987755588,0.0
30,43,2053.246752116782,843.2551458798706,383.94260614935,62.06497004576892,0.0,51.582242883683364,1944.8506300852803,402.8483409665175,379.10122560193656,64.033389379985,0.0,163.25050987755588,0.0
30,44,2101.8747128428427,881.8217368934266,383.94260614935,62.06497004576892,0.0,51.582242883683364,1963.3042682813673,341.531636938849,379.10122560193656,64.033389379985,0.0,163.25050987755588,0.0
30,45,2150.5026735689034,920.3883279069827,383.94260614935,62.06497004576892,0.0,51.582242883683364,1981.757906477454,280.2149329111805,379.10122560193656,64.033389379985,0.0,163.25050987755588,0.0
30,46,2199.130634294964,958.9549189205386,383.94260614935,62.06497004576892,0.0,51.582242883683364,2000.2115446735409,218.898228883512,379.10122560193656,64.033389379985,0.0,163.25050987755588,0.0
30,47,2247.7585950210246,997.5215099340946,383.94260614935,62.06497004576892,0.0,51.582242883683364,2018.6651828696279,157.58152485584355,379.10122560193656,64.033389379985,0.0,163.25050987755588,0.0
30,48,2296.3865557470854,1036.0881009476507,383.94260614935,62.06497004576892,0.0,51.582242883683364,2037.1188210657147,96.26482082817495,379.10122560193656,64.033389379985,0.0,163.25050987755588,0.0
30,49,2345.0145164731457,1074.6546919612067,383.94260614935,62.06497004576892,0.0,51.582242883683364,2055.5724592618017,34.948116800506455,379.10122560193656,64.033389379985,0.0,163.25050987755588,0.0
